Borrower_ID,Age,Gender,Marital_Status,Dependents,Monthly_Income,Savings_Balance,Debt_to_Income_Ratio,Loan_Amount,Loan_Term_Months,Interest_Rate,Credit_Score,Repayment_History_Ratio,delinquent
BRW_0001,29,Female,Married,1,494.25,651.9,0.1605,1032.0,12,0.3928,515,0.9747,1
BRW_0002,24,Male,Married,5,630.74,0.0,0.5198,1644.0,6,0.3313,663,0.9557,1
BRW_0003,46,Male,Single,1,693.49,36.25,0.6308,1310.0,12,0.353,553,0.7811,1
BRW_0004,28,Female,Married,1,512.86,0.0,0.1239,1533.0,18,0.3393,574,0.706,1
BRW_0005,50,Female,Married,5,555.92,870.43,0.1069,1182.0,6,0.3398,422,0.8821,0
BRW_0006,23,Female,Married,2,638.57,513.17,0.4703,1491.0,12,0.3478,675,0.8209,1
BRW_0007,64,Female,Married,3,607.16,141.81,0.0489,1626.0,6,0.3813,665,0.6938,0
BRW_0008,32,Male,Married,2,675.56,437.95,0.1829,1059.0,3,0.3546,600,0.9183,0
BRW_0009,49,Male,Divorced,4,474.22,284.49,0.0998,820.0,6,0.342,477,0.9593,0
BRW_0010,68,Male,Single,5,1099.15,936.89,0.5905,3534.0,12,0.3224,696,0.5128,1
BRW_0011,28,Female,Divorced,2,698.14,148.29,0.4194,1796.0,12,0.3256,546,0.715,1
BRW_0012,40,Male,Married,1,517.02,826.43,0.5231,1893.0,18,0.3233,563,0.9556,1
BRW_0013,43,Male,Single,5,790.13,233.97,0.3318,2557.0,12,0.3219,784,0.7839,0
BRW_0014,51,Female,Single,0,640.86,607.33,0.2934,974.0,3,0.3226,543,0.9654,0
BRW_0015,63,Female,Married,2,279.52,3.64,0.118,850.0,12,0.3635,659,0.931,0
BRW_0016,51,Female,Married,5,788.77,0.0,0.0264,1368.0,6,0.3115,644,0.8755,0
BRW_0017,46,Female,Married,2,399.51,138.52,0.281,1379.0,12,0.373,631,0.7961,0
BRW_0018,21,Female,Married,5,1061.26,665.73,0.3448,4223.0,6,0.3387,622,0.653,0
BRW_0019,34,Female,Married,1,589.41,35.61,0.283,1667.0,6,0.3402,630,0.7636,0
BRW_0020,52,Female,Married,0,982.44,0.0,0.4152,3151.0,12,0.3263,621,0.9092,0
BRW_0021,30,Male,Single,0,485.36,95.37,0.1442,1016.0,24,0.3322,595,0.765,0
BRW_0022,58,Female,Married,4,688.81,622.81,0.2359,1787.0,6,0.3418,720,0.9033,0
BRW_0023,56,Female,Married,5,1218.19,1584.26,0.083,4435.0,18,0.34,494,0.6537,0
BRW_0024,32,Female,Single,2,581.43,383.86,0.2396,1116.0,6,0.326,681,0.9321,0
BRW_0025,46,Female,Single,0,495.02,534.81,0.3921,1071.0,18,0.3124,665,0.7705,0
BRW_0026,46,Male,Married,0,922.9,800.56,0.2405,2412.0,12,0.3424,655,0.9357,0
BRW_0027,28,Female,Married,3,914.0,321.24,0.1962,2998.0,6,0.3352,689,0.9465,0
BRW_0028,69,Female,Widowed,3,505.54,669.23,0.148,1233.0,6,0.3203,592,0.9424,0
BRW_0029,49,Female,Divorced,0,246.48,68.84,0.3269,941.0,6,0.3369,450,0.7564,1
BRW_0030,19,Female,Married,5,490.29,332.14,0.1258,851.0,6,0.326,594,0.9665,0
BRW_0031,64,Male,Married,4,933.26,0.0,0.4355,2265.0,6,0.3135,520,0.8121,1
BRW_0032,31,Female,Married,0,451.46,0.0,0.5247,1477.0,12,0.338,541,0.6723,1
BRW_0033,37,Female,Married,1,661.51,190.85,0.1143,1366.0,24,0.332,500,0.9373,0
BRW_0034,39,Male,Single,2,478.79,235.56,0.1515,1504.0,3,0.3306,561,0.8801,0
BRW_0035,28,Male,Married,4,253.13,0.0,0.0813,484.0,12,0.3362,552,0.9347,0
BRW_0036,44,Male,Divorced,1,474.5,1009.03,0.3789,778.0,12,0.3392,409,0.8508,1
BRW_0037,20,Female,Married,4,931.29,586.82,0.0579,1679.0,24,0.3314,656,0.8726,0
BRW_0038,34,Female,Married,1,203.34,176.2,0.2123,778.0,12,0.3467,777,0.9404,0
BRW_0039,61,Male,Married,2,754.52,1409.97,0.0855,2173.0,12,0.3573,648,0.9016,0
BRW_0040,45,Female,Single,2,367.59,0.0,0.2775,1283.0,12,0.3576,583,0.9853,1
BRW_0041,46,Female,Married,3,901.65,190.48,0.3444,2102.0,6,0.2973,595,0.7621,0
BRW_0042,38,Female,Married,5,950.66,938.56,0.235,2835.0,3,0.3379,566,0.873,1
BRW_0043,64,Female,Single,1,610.35,847.57,0.0217,1671.0,12,0.3512,607,0.9585,0
BRW_0044,33,Male,Single,3,611.04,0.0,0.2792,2361.0,3,0.3304,597,0.9139,0
BRW_0045,54,Female,Divorced,1,444.44,190.69,0.0254,1497.0,12,0.3149,532,0.7855,0
BRW_0046,37,Male,Single,3,339.41,25.41,0.1986,1129.0,6,0.3485,734,0.7092,0
BRW_0047,23,Female,Married,2,1554.71,716.24,0.2476,2512.0,12,0.3065,481,0.9234,0
BRW_0048,36,Female,Single,4,431.58,0.0,0.0772,1240.0,6,0.3228,657,0.735,0
BRW_0049,22,Female,Divorced,3,1456.66,401.08,0.1292,3886.0,24,0.281,591,0.9893,0
BRW_0050,20,Female,Single,1,432.79,512.28,0.2643,1653.0,18,0.3434,752,0.7628,0
BRW_0051,18,Male,Married,1,864.88,54.34,0.4936,1854.0,6,0.3257,627,0.6877,0
BRW_0052,55,Male,Divorced,5,376.57,529.56,0.4796,819.0,6,0.3387,571,0.9554,1
BRW_0053,32,Male,Divorced,2,864.11,385.76,0.2106,2185.0,12,0.3287,580,0.9675,0
BRW_0054,51,Male,Single,1,565.22,409.9,0.1951,1192.0,3,0.3186,603,0.8055,0
BRW_0055,52,Female,Divorced,0,568.92,0.0,0.0762,1037.0,6,0.3318,508,0.9472,0
BRW_0056,66,Male,Married,4,902.36,297.07,0.097,3288.0,6,0.3397,538,0.8181,1
BRW_0057,42,Female,Married,3,526.07,0.0,0.2059,1523.0,24,0.335,457,0.9589,1
BRW_0058,41,Female,Single,5,325.68,848.91,0.3963,1190.0,18,0.3154,526,0.7146,1
BRW_0059,29,Female,Single,4,973.26,1281.92,0.2335,3482.0,12,0.3172,607,0.7665,0
BRW_0060,35,Female,Married,2,375.05,184.68,0.1255,827.0,12,0.3257,624,0.9204,0
BRW_0061,32,Female,Married,5,861.14,0.0,0.1229,2471.0,24,0.3358,441,0.8836,0
BRW_0062,61,Female,Married,3,1081.93,2345.52,0.161,1848.0,24,0.3293,589,0.8397,0
BRW_0063,33,Male,Married,3,551.29,186.34,0.108,2088.0,24,0.3079,645,0.4817,1
BRW_0064,44,Female,Married,0,1201.32,0.0,0.0827,3016.0,6,0.334,586,0.8034,0
BRW_0065,25,Female,Single,2,846.32,0.0,0.1021,2102.0,6,0.3087,549,0.7588,1
BRW_0066,63,Female,Married,5,469.69,0.0,0.2084,1060.0,12,0.3751,567,0.8134,0
BRW_0067,42,Female,Single,5,1340.39,4.12,0.0626,3554.0,12,0.3131,556,0.737,1
BRW_0068,34,Male,Married,1,375.84,81.77,0.0369,800.0,3,0.3222,549,0.5896,1
BRW_0069,46,Female,Married,0,550.95,1228.78,0.2368,1343.0,3,0.3183,613,0.8555,0
BRW_0070,25,Male,Widowed,0,599.95,0.0,0.1886,2100.0,18,0.3464,784,0.7934,0
BRW_0071,32,Male,Single,5,900.2,86.55,0.3695,3228.0,18,0.3213,540,0.7864,1
BRW_0072,44,Female,Single,5,1161.79,784.82,0.4465,2626.0,6,0.3182,574,0.7836,0
BRW_0073,63,Female,Single,4,1125.97,1782.97,0.1108,3009.0,18,0.3537,595,0.9034,0
BRW_0074,67,Male,Single,4,743.88,385.86,0.2827,2741.0,12,0.3205,545,0.7475,1
BRW_0075,69,Male,Single,4,578.17,0.0,0.0601,943.0,18,0.3414,687,0.8655,0
BRW_0076,24,Male,Divorced,0,266.94,0.0,0.0992,994.0,12,0.3792,410,0.746,1
BRW_0077,20,Male,Single,1,344.79,0.0,0.2273,706.0,6,0.3536,557,0.9671,0
BRW_0078,46,Female,Single,3,1608.93,6356.11,0.2542,5143.0,12,0.2727,665,0.8892,0
BRW_0079,61,Female,Married,4,265.59,0.0,0.0803,785.0,12,0.361,576,0.7055,1
BRW_0080,41,Female,Married,1,449.33,121.8,0.3516,1295.0,12,0.3213,534,0.9453,0
BRW_0081,20,Male,Married,2,1178.86,769.72,0.4171,4301.0,6,0.3477,635,0.8725,0
BRW_0082,37,Male,Single,4,738.67,214.42,0.1962,1296.0,24,0.3182,672,0.8613,1
BRW_0083,63,Female,Married,3,1057.88,76.53,0.0817,2505.0,6,0.3831,616,0.8174,0
BRW_0084,32,Female,Single,2,872.54,1.0,0.0432,2483.0,6,0.3594,535,0.8309,1
BRW_0085,42,Female,Single,2,1386.85,662.45,0.6537,4893.0,12,0.2965,636,0.9633,1
BRW_0086,47,Female,Divorced,3,771.02,0.0,0.0467,1574.0,12,0.334,567,0.8215,0
BRW_0087,31,Male,Single,4,926.79,629.75,0.0364,3251.0,12,0.3433,659,0.9593,0
BRW_0088,24,Male,Married,0,463.07,2645.08,0.1744,1157.0,12,0.3598,718,0.8784,0
BRW_0089,34,Male,Married,3,891.73,241.17,0.1476,1759.0,12,0.3383,391,0.9672,1
BRW_0090,61,Female,Married,3,545.63,143.67,0.1636,1854.0,12,0.3663,608,0.8498,0
BRW_0091,37,Female,Divorced,3,530.3,73.84,0.1251,916.0,12,0.3394,461,0.8182,1
BRW_0092,53,Male,Single,2,1040.4,149.15,0.5266,2900.0,3,0.317,795,0.7557,0
BRW_0093,26,Male,Married,1,1044.0,280.4,0.5165,1733.0,12,0.3173,562,0.8124,0
BRW_0094,55,Female,Widowed,0,1547.23,1948.6,0.3437,3699.0,18,0.3241,659,0.9123,0
BRW_0095,65,Male,Married,4,1497.62,0.0,0.3551,4497.0,3,0.316,597,0.764,1
BRW_0096,39,Female,Divorced,4,1052.22,3108.15,0.3028,3041.0,12,0.3297,535,0.7726,0
BRW_0097,19,Female,Single,1,281.4,59.51,0.1319,707.0,24,0.3663,526,0.8849,0
BRW_0098,41,Female,Married,3,1658.78,2828.07,0.1119,4267.0,6,0.2621,726,0.8489,0
BRW_0099,25,Female,Single,0,1052.56,335.03,0.2564,2176.0,12,0.3301,676,0.8498,1
BRW_0100,28,Female,Married,4,453.53,43.44,0.0696,1197.0,24,0.3488,755,0.873,0
BRW_0101,30,Female,Widowed,5,957.62,0.0,0.2523,3719.0,6,0.3605,604,0.748,1
BRW_0102,34,Male,Single,4,395.98,320.23,0.298,1436.0,3,0.3159,623,0.9876,0
BRW_0103,25,Female,Married,3,906.25,130.5,0.0633,1688.0,18,0.3601,578,0.7751,1
BRW_0104,38,Female,Single,5,344.42,154.8,0.134,542.0,18,0.3497,577,0.8475,0
BRW_0105,35,Male,Married,1,444.03,0.0,0.2022,1702.0,12,0.3546,516,0.8146,0
BRW_0106,47,Female,Married,0,948.58,1012.95,0.1023,2672.0,12,0.361,606,0.8747,0
BRW_0107,35,Female,Widowed,1,1137.34,549.62,0.054,3235.0,18,0.3322,536,0.9613,0
BRW_0108,63,Male,Married,1,782.68,2839.96,0.1048,2702.0,12,0.3412,635,0.8319,0
BRW_0109,64,Female,Married,0,576.47,25.96,0.5764,1318.0,6,0.3451,613,0.9889,0
BRW_0110,48,Female,Single,0,231.03,0.0,0.1251,625.0,3,0.3424,623,0.9299,0
BRW_0111,55,Female,Single,4,599.14,315.19,0.5079,2350.0,12,0.3389,734,0.861,0
BRW_0112,49,Female,Single,4,868.48,485.96,0.2666,2762.0,18,0.3159,596,0.866,1
BRW_0113,28,Male,Single,0,567.71,172.45,0.3621,1070.0,18,0.3396,660,0.9561,0
BRW_0114,62,Male,Divorced,5,657.68,687.42,0.1801,1206.0,24,0.2907,764,0.8801,0
BRW_0115,42,Male,Married,2,606.19,0.0,0.3764,1219.0,18,0.3478,704,0.9178,0
BRW_0116,50,Male,Married,4,566.31,1265.04,0.0992,1935.0,12,0.3381,692,0.6538,0
BRW_0117,55,Male,Single,2,690.86,903.77,0.3555,1546.0,12,0.3296,575,0.7454,1
BRW_0118,58,Female,Divorced,5,580.36,882.61,0.1608,902.0,12,0.3445,618,0.9166,0
BRW_0119,25,Male,Married,0,1368.74,875.69,0.15,5284.0,12,0.2844,494,0.7766,0
BRW_0120,28,Female,Single,5,220.7,308.64,0.2013,425.0,12,0.391,639,0.5079,1
BRW_0121,39,Male,Married,4,506.27,146.49,0.3142,772.0,3,0.3406,621,0.8724,0
BRW_0122,68,Male,Married,1,430.47,0.0,0.0719,901.0,24,0.3423,601,0.9222,0
BRW_0123,41,Female,Single,0,742.15,226.29,0.0924,1549.0,12,0.3152,682,0.8753,0
BRW_0124,58,Female,Married,3,691.3,348.39,0.2116,1766.0,6,0.3368,503,0.9644,0
BRW_0125,34,Female,Married,2,1496.82,402.68,0.2977,5689.0,12,0.3364,730,0.935,0
BRW_0126,29,Female,Single,5,1764.41,4601.58,0.2776,6525.0,12,0.3202,672,0.7376,1
BRW_0127,63,Male,Divorced,0,451.9,135.64,0.1497,1194.0,6,0.3616,594,0.9702,0
BRW_0128,49,Male,Divorced,5,665.31,54.92,0.2986,1681.0,18,0.3481,588,0.9759,0
BRW_0129,32,Female,Married,0,733.74,439.23,0.3083,2119.0,6,0.3277,638,0.7611,0
BRW_0130,33,Female,Married,4,446.35,20.99,0.1394,941.0,6,0.3157,721,0.9736,0
BRW_0131,39,Female,Married,4,910.68,85.34,0.2344,1485.0,12,0.3248,608,0.6795,1
BRW_0132,45,Female,Married,4,590.07,0.0,0.168,2271.0,12,0.3351,611,0.8274,1
BRW_0133,37,Female,Married,5,390.01,194.78,0.3123,767.0,24,0.3676,601,0.7222,1
BRW_0134,50,Female,Single,3,578.37,0.0,0.0732,1154.0,18,0.3464,742,0.7727,0
BRW_0135,27,Male,Married,4,403.9,519.54,0.1389,1083.0,24,0.3784,570,0.9208,0
BRW_0136,57,Female,Divorced,0,1116.91,1201.84,0.29,3048.0,6,0.3457,597,0.5022,1
BRW_0137,49,Female,Married,4,1721.2,765.15,0.291,2661.0,3,0.2919,717,0.7989,0
BRW_0138,67,Male,Single,1,751.75,244.18,0.153,1406.0,12,0.2983,611,0.9703,0
BRW_0139,50,Female,Married,4,703.2,214.04,0.0974,1720.0,6,0.3636,690,0.7238,0
BRW_0140,19,Male,Single,5,717.82,0.0,0.2349,2304.0,18,0.3626,527,0.9027,0
BRW_0141,50,Male,Single,3,1201.25,51.39,0.2797,2488.0,12,0.2915,583,0.8881,0
BRW_0142,50,Female,Single,1,1188.38,12.27,0.1483,3039.0,24,0.3494,718,0.9427,0
BRW_0143,58,Female,Married,5,627.77,0.0,0.1436,1816.0,6,0.3461,545,0.8226,1
BRW_0144,30,Female,Married,5,754.68,391.5,0.2868,2809.0,12,0.3373,587,0.9322,0
BRW_0145,47,Female,Married,5,921.8,103.44,0.3748,2134.0,12,0.3607,620,0.9183,0
BRW_0146,50,Female,Single,0,376.59,80.93,0.303,691.0,6,0.374,520,0.9234,0
BRW_0147,30,Male,Divorced,5,1219.63,0.0,0.1452,3321.0,12,0.3312,566,0.8443,0
BRW_0148,69,Female,Divorced,0,1583.54,2486.25,0.1446,5331.0,12,0.3152,609,0.8155,1
BRW_0149,43,Female,Divorced,5,1190.96,0.0,0.1453,2114.0,12,0.3315,603,0.9091,0
BRW_0150,39,Female,Single,2,356.81,0.0,0.1434,914.0,6,0.3398,702,0.9496,0
BRW_0151,56,Male,Married,1,248.39,145.98,0.0856,384.0,3,0.3504,723,0.779,0
BRW_0152,19,Female,Widowed,2,948.0,2805.1,0.2768,1502.0,12,0.3095,531,0.9147,0
BRW_0153,55,Female,Married,5,454.82,1227.89,0.2121,1231.0,6,0.3377,608,0.7065,1
BRW_0154,56,Female,Single,1,767.83,0.0,0.3224,1724.0,3,0.3263,653,0.7039,0
BRW_0155,43,Male,Single,1,1433.07,1910.64,0.131,5177.0,6,0.2982,721,0.9838,0
BRW_0156,63,Female,Married,3,478.91,84.17,0.2111,1439.0,6,0.3463,657,0.9479,0
BRW_0157,67,Male,Divorced,2,550.72,105.83,0.231,1451.0,6,0.3346,623,0.9407,1
BRW_0158,32,Male,Married,3,763.84,688.86,0.0545,1925.0,6,0.3439,653,0.907,1
BRW_0159,51,Female,Married,1,347.67,0.0,0.292,954.0,12,0.3156,653,0.9487,0
BRW_0160,59,Male,Single,0,455.35,976.84,0.4319,729.0,12,0.3421,525,0.7542,0
BRW_0161,61,Female,Married,1,673.46,50.23,0.2068,2513.0,12,0.3395,615,0.7413,1
BRW_0162,66,Male,Divorced,3,572.36,0.0,0.3348,2287.0,18,0.3342,716,0.9362,1
BRW_0163,57,Male,Married,2,901.63,0.0,0.044,1762.0,12,0.3256,583,0.577,0
BRW_0164,28,Female,Married,5,2651.79,0.0,0.2518,4776.0,12,0.2374,610,0.8882,0
BRW_0165,20,Female,Widowed,5,698.94,0.0,0.0719,1299.0,18,0.3432,580,0.9887,0
BRW_0166,23,Male,Single,2,436.66,159.54,0.5514,1377.0,12,0.358,414,0.8719,1
BRW_0167,26,Female,Married,5,1351.7,1043.81,0.0655,4263.0,12,0.3235,601,0.7864,0
BRW_0168,23,Female,Single,5,300.54,0.0,0.0679,1088.0,12,0.3705,624,0.9578,0
BRW_0169,26,Female,Married,3,332.14,0.0,0.1756,1122.0,12,0.3526,559,0.9795,0
BRW_0170,56,Female,Married,2,493.96,972.97,0.0249,1296.0,12,0.3526,507,0.5698,1
BRW_0171,48,Male,Married,4,577.41,84.38,0.1818,1751.0,6,0.3433,529,0.8597,0
BRW_0172,49,Female,Married,0,488.07,50.43,0.1617,1572.0,6,0.357,661,0.9569,0
BRW_0173,58,Female,Married,0,654.74,46.76,0.3748,1821.0,6,0.306,757,0.6811,0
BRW_0174,67,Female,Divorced,5,763.09,1466.22,0.3091,2052.0,6,0.316,710,0.8095,0
BRW_0175,29,Male,Married,0,1135.1,195.42,0.1362,3533.0,6,0.3528,492,0.9327,1
BRW_0176,25,Female,Single,2,696.17,0.0,0.1303,2014.0,12,0.2869,668,0.6406,0
BRW_0177,25,Male,Married,2,502.21,239.35,0.0331,1562.0,12,0.34,546,0.9762,0
BRW_0178,67,Female,Married,1,1104.69,807.59,0.2836,3350.0,12,0.3456,553,0.8415,1
BRW_0179,45,Male,Married,1,441.93,26.32,0.2355,1457.0,6,0.343,563,0.5931,1
BRW_0180,37,Female,Divorced,0,294.03,60.49,0.0512,914.0,24,0.3418,656,0.9185,0
BRW_0181,64,Female,Divorced,4,1215.58,2606.96,0.107,3403.0,12,0.3209,676,0.8095,0
BRW_0182,24,Female,Single,1,1177.24,0.0,0.4089,3772.0,6,0.3126,592,0.8298,1
BRW_0183,28,Male,Widowed,1,447.58,544.26,0.2639,1174.0,18,0.3453,593,0.8425,1
BRW_0184,37,Male,Single,2,544.82,0.0,0.3428,1146.0,12,0.3277,637,0.8416,0
BRW_0185,33,Female,Single,4,420.54,0.0,0.2676,632.0,12,0.3678,645,0.5894,1
BRW_0186,21,Male,Single,5,783.14,619.46,0.0936,2271.0,6,0.3616,694,0.957,0
BRW_0187,23,Male,Divorced,0,1581.33,407.16,0.0768,4707.0,12,0.3031,497,0.7694,0
BRW_0188,39,Female,Married,1,945.24,1817.4,0.1475,3715.0,18,0.2999,601,0.7968,0
BRW_0189,43,Female,Single,4,1116.4,897.42,0.0606,2683.0,12,0.3112,514,0.7994,0
BRW_0190,20,Female,Married,4,1002.11,0.0,0.3932,2491.0,12,0.322,595,0.9032,1
BRW_0191,58,Female,Married,0,665.1,0.0,0.1228,1333.0,12,0.3473,581,0.7862,1
BRW_0192,59,Male,Single,4,1143.3,2894.42,0.1383,1917.0,18,0.3006,596,0.9287,0
BRW_0193,31,Male,Divorced,4,965.37,62.48,0.3122,3313.0,6,0.3115,536,0.9119,1
BRW_0194,28,Male,Divorced,4,1366.11,830.66,0.1729,2902.0,12,0.3234,481,0.9374,1
BRW_0195,35,Female,Married,1,528.6,152.87,0.3316,1598.0,6,0.3607,432,0.7473,1
BRW_0196,29,Female,Widowed,0,278.93,111.34,0.1041,898.0,12,0.338,589,0.8252,0
BRW_0197,40,Male,Married,4,1121.73,177.71,0.1528,3004.0,12,0.2949,565,0.7905,1
BRW_0198,29,Male,Widowed,4,792.26,0.0,0.1527,2924.0,3,0.3985,545,0.8262,1
BRW_0199,30,Male,Married,1,573.63,1454.54,0.3555,1497.0,12,0.356,705,0.9603,0
BRW_0200,42,Male,Married,0,589.88,330.01,0.2728,1305.0,12,0.3344,531,0.8025,1
BRW_0201,62,Male,Single,2,2385.93,165.21,0.0838,8000.0,6,0.2956,713,0.8838,1
BRW_0202,68,Female,Divorced,1,482.46,373.46,0.0938,1763.0,12,0.341,729,0.5692,0
BRW_0203,36,Female,Married,0,434.13,144.43,0.355,829.0,6,0.3625,443,0.9505,1
BRW_0204,63,Male,Single,4,694.12,1075.84,0.1184,1086.0,12,0.3394,607,0.9731,0
BRW_0205,53,Male,Single,0,1200.2,0.0,0.2029,2070.0,6,0.3207,568,0.7627,0
BRW_0206,62,Female,Married,0,2078.08,356.15,0.4974,4606.0,12,0.2865,367,0.9562,1
BRW_0207,25,Female,Married,5,923.97,0.0,0.5317,3632.0,12,0.2994,484,0.7691,1
BRW_0208,46,Male,Married,0,352.41,412.83,0.4704,1021.0,12,0.3867,661,0.9859,0
BRW_0209,49,Female,Divorced,2,1781.89,0.0,0.199,4336.0,3,0.2801,761,0.861,0
BRW_0210,68,Female,Single,0,658.7,0.0,0.2935,2452.0,24,0.3102,672,0.5663,1
BRW_0211,61,Female,Married,2,437.53,80.69,0.2915,1152.0,12,0.3407,625,0.8662,0
BRW_0212,35,Male,Single,4,387.73,120.4,0.1296,887.0,3,0.3275,598,0.887,0
BRW_0213,23,Male,Divorced,2,1010.46,0.0,0.2291,3893.0,18,0.3243,734,0.9468,0
BRW_0214,35,Female,Divorced,4,749.51,0.0,0.1567,2716.0,6,0.3481,771,0.967,0
BRW_0215,36,Male,Married,4,790.4,1697.34,0.2026,2853.0,12,0.3528,553,0.9841,1
BRW_0216,39,Female,Married,2,1265.54,234.65,0.1059,3519.0,12,0.3329,440,0.814,1
BRW_0217,54,Female,Married,1,445.38,158.02,0.0699,1547.0,12,0.3386,432,0.9571,0
BRW_0218,49,Male,Married,3,1316.95,0.0,0.3113,2566.0,18,0.3158,705,0.8071,0
BRW_0219,58,Male,Divorced,0,513.07,292.79,0.1743,1505.0,12,0.3506,596,0.7212,0
BRW_0220,20,Male,Married,5,1962.56,0.0,0.1563,7771.0,3,0.2576,614,0.6595,1
BRW_0221,45,Male,Married,3,897.28,0.0,0.2694,1999.0,24,0.3406,456,0.9416,1
BRW_0222,27,Female,Married,0,419.84,893.2,0.2124,1464.0,24,0.3165,539,0.813,0
BRW_0223,68,Female,Divorced,0,241.6,93.51,0.1778,659.0,12,0.3925,576,0.7679,1
BRW_0224,52,Female,Married,4,996.71,539.63,0.1194,1594.0,12,0.3177,616,0.9863,0
BRW_0225,46,Female,Single,0,551.65,999.87,0.2113,1880.0,3,0.3374,568,0.6841,0
BRW_0226,32,Female,Married,5,615.37,809.11,0.2772,1182.0,12,0.3235,517,0.6135,0
BRW_0227,50,Male,Divorced,0,975.64,2.86,0.2386,3004.0,3,0.314,537,0.7315,1
BRW_0228,24,Female,Single,2,1102.36,340.19,0.7029,1890.0,3,0.3677,696,0.9596,1
BRW_0229,29,Male,Single,3,1226.42,537.46,0.1643,4743.0,12,0.3368,619,0.911,0
BRW_0230,66,Male,Single,2,369.66,77.18,0.153,824.0,6,0.3163,648,0.6309,1
BRW_0231,47,Male,Married,5,1356.89,241.64,0.1869,2804.0,3,0.3436,528,0.8282,1
BRW_0232,38,Female,Married,0,497.94,15.34,0.2191,908.0,12,0.3668,363,0.8758,1
BRW_0233,48,Female,Married,5,215.27,177.56,0.1344,832.0,6,0.347,558,0.9157,1
BRW_0234,41,Female,Married,4,368.99,89.89,0.3612,1210.0,6,0.3535,530,0.7452,0
BRW_0235,37,Female,Married,2,741.75,31.91,0.2196,2488.0,3,0.3343,627,0.8029,1
BRW_0236,54,Male,Married,2,407.72,85.67,0.0411,1121.0,6,0.3855,850,0.902,0
BRW_0237,21,Female,Divorced,1,636.5,0.0,0.0257,1710.0,12,0.3223,655,0.9846,0
BRW_0238,45,Female,Married,0,787.71,1201.79,0.1797,1398.0,18,0.3359,818,0.9475,0
BRW_0239,61,Male,Widowed,4,607.47,320.67,0.0039,1761.0,12,0.3306,645,0.9354,0
BRW_0240,37,Female,Married,2,519.48,0.0,0.2059,1100.0,12,0.3135,549,0.951,0
BRW_0241,41,Male,Single,2,355.9,1084.81,0.0433,1403.0,3,0.3916,627,0.8301,0
BRW_0242,67,Male,Married,4,672.48,120.43,0.0267,2348.0,3,0.3133,742,0.9437,0
BRW_0243,66,Male,Married,5,236.87,45.96,0.4293,600.0,6,0.3563,746,0.8597,0
BRW_0244,68,Female,Married,5,472.01,130.32,0.178,887.0,12,0.309,553,0.9025,0
BRW_0245,49,Female,Single,0,418.26,63.46,0.048,1449.0,12,0.3377,620,0.8582,0
BRW_0246,58,Male,Single,1,590.11,0.0,0.0412,1065.0,12,0.3482,485,0.9054,1
BRW_0247,53,Female,Divorced,2,597.85,1156.13,0.4016,1180.0,6,0.323,665,0.796,0
BRW_0248,51,Male,Single,1,1074.9,0.0,0.1218,2181.0,6,0.3349,724,0.7402,0
BRW_0249,53,Male,Divorced,5,1468.12,0.0,0.0385,4246.0,12,0.3043,603,0.7091,1
BRW_0250,19,Male,Single,5,380.36,0.0,0.0559,1319.0,6,0.3702,546,0.5589,1
BRW_0251,32,Female,Married,3,1801.57,71.6,0.4329,4118.0,12,0.3255,628,0.8596,0
BRW_0252,51,Female,Married,0,450.5,85.08,0.058,771.0,12,0.3328,633,0.4866,0
BRW_0253,53,Male,Married,3,725.07,0.0,0.1243,1930.0,12,0.3367,606,0.8438,0
BRW_0254,23,Female,Married,3,858.71,0.0,0.2168,2894.0,24,0.3342,614,0.9398,0
BRW_0255,56,Female,Single,3,2258.13,72.91,0.3236,4639.0,24,0.295,586,0.7666,1
BRW_0256,59,Female,Single,0,507.18,0.0,0.2739,1040.0,12,0.3429,679,0.7666,0
BRW_0257,68,Male,Married,0,270.87,0.0,0.1428,1048.0,12,0.3545,658,0.924,0
BRW_0258,68,Male,Married,4,1401.35,0.0,0.171,5445.0,6,0.3071,521,0.9794,1
BRW_0259,29,Female,Divorced,1,438.48,356.57,0.2212,1743.0,24,0.3473,519,0.8777,1
BRW_0260,20,Female,Divorced,1,555.13,171.64,0.0561,1954.0,12,0.3669,579,0.8944,0
BRW_0261,62,Male,Married,4,380.36,29.88,0.0909,749.0,6,0.3599,658,0.7723,0
BRW_0262,35,Male,Married,4,555.93,247.75,0.2555,1129.0,12,0.355,611,0.7067,1
BRW_0263,57,Female,Married,5,436.94,48.18,0.2184,1027.0,6,0.3595,548,0.6073,1
BRW_0264,38,Female,Single,3,932.83,2200.96,0.0801,2141.0,12,0.3249,620,0.9693,0
BRW_0265,32,Male,Divorced,4,692.56,357.19,0.0405,2695.0,12,0.3426,573,0.8433,0
BRW_0266,50,Male,Married,2,473.18,144.47,0.123,1643.0,6,0.3221,670,0.8974,0
BRW_0267,52,Male,Married,1,1094.37,1272.74,0.5532,3622.0,3,0.3479,626,0.8699,0
BRW_0268,43,Male,Single,4,755.59,0.0,0.1122,1485.0,24,0.2784,574,0.9375,0
BRW_0269,25,Female,Married,2,264.27,78.46,0.1149,997.0,12,0.3492,618,0.9684,0
BRW_0270,53,Female,Married,2,1053.48,1408.41,0.3512,3761.0,18,0.3467,705,0.8784,0
BRW_0271,65,Male,Divorced,2,729.55,1178.11,0.0697,1393.0,6,0.3077,554,0.6734,0
BRW_0272,47,Male,Married,5,1333.24,1192.26,0.1663,4904.0,12,0.3223,632,0.6878,1
BRW_0273,40,Male,Married,5,707.66,27.23,0.2595,1543.0,12,0.3221,594,0.8317,0
BRW_0274,59,Male,Widowed,2,447.71,0.0,0.2563,762.0,6,0.3373,634,0.9824,0
BRW_0275,61,Female,Single,5,600.55,692.29,0.4295,1887.0,6,0.3583,547,0.9491,1
BRW_0276,31,Female,Married,3,994.22,116.73,0.2742,3116.0,6,0.3299,608,0.8666,1
BRW_0277,31,Male,Single,2,452.43,93.98,0.3802,786.0,6,0.3038,688,0.9035,0
BRW_0278,19,Male,Married,3,533.71,914.26,0.0843,1226.0,24,0.3222,525,0.8101,0
BRW_0279,54,Male,Divorced,3,595.35,9.68,0.1222,2371.0,3,0.3591,493,0.7047,1
BRW_0280,22,Male,Single,2,374.4,0.0,0.2436,1197.0,12,0.3561,496,0.7358,1
BRW_0281,55,Male,Divorced,1,455.7,234.06,0.2636,1515.0,12,0.3793,506,0.9007,0
BRW_0282,62,Female,Single,2,725.07,0.0,0.3379,1474.0,6,0.3688,647,0.6966,0
BRW_0283,58,Female,Divorced,2,1213.47,6.91,0.1166,2059.0,12,0.3116,487,0.8815,0
BRW_0284,64,Female,Married,5,779.44,1067.18,0.1522,1709.0,6,0.3833,576,0.7695,1
BRW_0285,31,Female,Divorced,2,650.06,231.95,0.4694,1380.0,12,0.3382,649,0.8465,0
BRW_0286,56,Female,Single,1,438.94,273.26,0.1316,916.0,6,0.3257,633,0.9388,0
BRW_0287,42,Female,Widowed,5,1150.07,1040.61,0.2879,2279.0,12,0.3079,569,0.9297,0
BRW_0288,37,Female,Married,0,826.13,801.53,0.2528,2426.0,12,0.2865,615,0.735,1
BRW_0289,19,Female,Married,0,467.14,1167.14,0.1224,1084.0,18,0.3761,608,0.9386,0
BRW_0290,56,Female,Divorced,3,1042.45,632.04,0.0832,3702.0,18,0.3562,582,0.9361,0
BRW_0291,23,Female,Single,3,879.88,359.24,0.0873,1724.0,12,0.3095,583,0.8138,0
BRW_0292,34,Female,Divorced,1,442.85,1088.59,0.2572,1179.0,6,0.3403,778,0.9068,0
BRW_0293,42,Male,Single,4,632.27,0.0,0.1507,970.0,12,0.3402,664,0.9512,0
BRW_0294,45,Female,Married,0,519.89,147.25,0.1498,1406.0,12,0.323,798,0.9767,0
BRW_0295,19,Female,Married,3,2481.87,268.45,0.1067,4069.0,18,0.2398,560,0.9243,0
BRW_0296,52,Female,Single,0,867.72,1283.31,0.4422,3423.0,6,0.326,593,0.7949,0
BRW_0297,54,Male,Single,1,730.25,0.0,0.2904,2539.0,6,0.3285,493,0.9747,1
BRW_0298,22,Female,Single,1,842.46,728.01,0.2575,2296.0,12,0.3233,535,0.7027,1
BRW_0299,18,Male,Married,4,1325.55,674.89,0.1555,2275.0,12,0.319,752,0.948,0
BRW_0300,57,Female,Married,4,637.98,113.21,0.1965,1902.0,6,0.3667,558,0.9771,1
BRW_0301,29,Female,Married,5,495.24,364.7,0.4085,1682.0,12,0.337,753,0.6165,1
BRW_0302,53,Female,Single,1,1014.49,50.81,0.3251,2005.0,12,0.3286,500,0.7179,1
BRW_0303,62,Female,Single,3,609.43,260.01,0.4349,1780.0,24,0.3536,515,0.8059,1
BRW_0304,40,Male,Married,0,389.57,0.0,0.2122,1377.0,12,0.3577,572,0.78,0
BRW_0305,64,Male,Single,2,353.42,161.95,0.1626,1209.0,6,0.3356,594,0.699,1
BRW_0306,48,Male,Divorced,4,1428.88,1578.62,0.4645,5012.0,6,0.3129,673,0.881,0
BRW_0307,28,Female,Divorced,2,710.4,0.0,0.1592,2627.0,3,0.3466,636,0.7152,0
BRW_0308,27,Female,Married,3,495.33,584.53,0.2085,1904.0,12,0.3205,566,0.9439,0
BRW_0309,20,Male,Married,4,591.6,0.0,0.1934,1487.0,12,0.365,589,0.9174,0
BRW_0310,31,Female,Divorced,2,995.98,171.97,0.3655,2910.0,6,0.3545,574,0.9817,0
BRW_0311,33,Female,Single,3,574.38,353.44,0.2787,1997.0,12,0.3259,526,0.535,1
BRW_0312,27,Female,Single,0,322.24,703.94,0.2113,1045.0,12,0.3528,528,0.7165,1
BRW_0313,46,Female,Single,3,782.83,0.0,0.4064,3123.0,6,0.346,682,0.878,0
BRW_0314,27,Male,Married,5,1217.04,0.0,0.1042,1867.0,6,0.3074,453,0.6923,1
BRW_0315,29,Male,Single,4,1177.01,340.17,0.4656,2811.0,24,0.3293,729,0.9449,0
BRW_0316,47,Male,Married,1,502.87,225.75,0.5127,1108.0,6,0.346,572,0.8617,1
BRW_0317,58,Female,Widowed,0,1254.62,638.56,0.183,2705.0,12,0.2876,538,0.9387,0
BRW_0318,18,Female,Divorced,2,739.87,101.35,0.2173,1521.0,12,0.3438,659,0.8093,1
BRW_0319,22,Female,Married,4,1237.16,0.0,0.1009,4049.0,12,0.2956,718,0.7277,0
BRW_0320,37,Female,Single,1,886.11,2081.03,0.401,1517.0,12,0.3484,689,0.9849,0
BRW_0321,25,Female,Divorced,3,310.82,68.47,0.4834,1042.0,12,0.3359,640,0.8836,1
BRW_0322,60,Male,Married,1,1592.99,349.65,0.1934,5151.0,18,0.3022,686,0.84,0
BRW_0323,29,Male,Single,4,682.59,47.54,0.3455,1452.0,24,0.364,462,0.8509,1
BRW_0324,18,Female,Single,4,887.49,1873.08,0.2399,1892.0,12,0.3395,558,0.5969,1
BRW_0325,37,Male,Divorced,5,339.67,235.56,0.1272,1044.0,6,0.3268,527,0.8709,1
BRW_0326,45,Male,Married,5,856.34,0.0,0.1977,2916.0,6,0.3103,697,0.7288,1
BRW_0327,60,Female,Divorced,1,1154.55,2240.4,0.234,4262.0,12,0.3084,569,0.9385,0
BRW_0328,54,Male,Divorced,3,1750.51,593.87,0.4158,6355.0,12,0.3079,667,0.977,0
BRW_0329,64,Female,Married,1,1339.7,0.0,0.4736,5241.0,6,0.3212,642,0.8881,1
BRW_0330,54,Female,Married,4,877.53,27.78,0.3336,2592.0,3,0.3131,531,0.9711,1
BRW_0331,29,Female,Married,4,307.3,0.0,0.0732,1159.0,12,0.3261,553,0.9597,0
BRW_0332,54,Male,Married,2,710.62,1011.53,0.4144,2502.0,6,0.3413,703,0.8955,0
BRW_0333,66,Female,Married,5,494.6,576.0,0.4593,1848.0,12,0.3394,537,0.8709,1
BRW_0334,66,Female,Married,2,748.06,258.39,0.0822,1144.0,12,0.3775,609,0.9569,0
BRW_0335,61,Female,Married,0,362.07,0.0,0.0806,1417.0,12,0.3483,537,0.7564,0
BRW_0336,45,Female,Divorced,4,598.79,365.32,0.284,1607.0,3,0.3758,574,0.7413,1
BRW_0337,64,Male,Married,2,513.58,0.1,0.4089,1795.0,6,0.319,596,0.8794,0
BRW_0338,32,Male,Married,1,505.69,111.69,0.3548,919.0,6,0.3112,537,0.8298,1
BRW_0339,23,Female,Married,5,508.2,94.93,0.0902,1265.0,6,0.3202,523,0.9584,0
BRW_0340,61,Female,Married,5,621.46,0.0,0.2284,1354.0,12,0.3625,622,0.7429,0
BRW_0341,37,Female,Married,3,767.47,1006.56,0.1564,1711.0,12,0.3688,532,0.7703,1
BRW_0342,67,Female,Single,1,190.71,50.05,0.0968,345.0,6,0.3378,535,0.7194,1
BRW_0343,31,Female,Married,3,202.71,34.48,0.2263,712.0,3,0.3438,524,0.8859,0
BRW_0344,19,Female,Single,2,561.52,0.0,0.4549,855.0,6,0.3174,593,0.9269,1
BRW_0345,26,Female,Married,0,602.52,0.0,0.3161,1375.0,24,0.3031,675,0.755,0
BRW_0346,54,Male,Married,1,731.1,0.0,0.0409,1415.0,12,0.3493,720,0.9563,0
BRW_0347,37,Male,Married,1,462.28,30.25,0.0544,1374.0,18,0.3486,541,0.683,1
BRW_0348,43,Female,Widowed,1,668.3,235.61,0.2019,1427.0,18,0.3373,772,0.9932,0
BRW_0349,46,Female,Married,3,708.58,780.54,0.2625,1522.0,12,0.3077,519,0.7881,1
BRW_0350,18,Male,Married,2,460.69,294.86,0.2836,1253.0,12,0.377,686,0.9853,0
BRW_0351,52,Female,Married,1,1104.04,1498.97,0.2243,3458.0,6,0.3121,542,0.9021,0
BRW_0352,23,Male,Married,1,726.69,1865.4,0.0593,1310.0,12,0.3458,530,0.6752,0
BRW_0353,54,Male,Single,5,874.35,1100.57,0.0157,1695.0,6,0.3009,540,0.9056,0
BRW_0354,22,Female,Single,0,688.44,0.0,0.0762,1458.0,18,0.3326,595,0.8391,0
BRW_0355,50,Female,Married,5,1904.24,1035.78,0.1744,7492.0,3,0.3005,646,0.7486,1
BRW_0356,66,Male,Married,5,896.23,29.32,0.4922,2234.0,12,0.3358,653,0.7971,0
BRW_0357,68,Female,Single,0,521.13,0.0,0.1905,1562.0,3,0.3452,524,0.9255,0
BRW_0358,31,Female,Single,2,1002.73,387.99,0.0572,2110.0,18,0.3355,520,0.864,0
BRW_0359,29,Male,Single,5,293.3,38.75,0.3666,800.0,6,0.3273,526,0.9668,1
BRW_0360,59,Female,Widowed,2,706.13,620.68,0.3675,1190.0,12,0.3397,591,0.8782,0
BRW_0361,37,Female,Married,5,780.22,208.77,0.1667,1238.0,12,0.3355,583,0.5974,0
BRW_0362,67,Male,Married,4,710.17,500.73,0.2121,1897.0,6,0.3403,523,0.9496,1
BRW_0363,41,Female,Single,0,562.9,397.97,0.1556,1405.0,12,0.3421,621,0.7505,0
BRW_0364,60,Female,Married,5,400.96,189.29,0.189,739.0,24,0.3208,781,0.8577,0
BRW_0365,51,Male,Single,4,448.24,648.55,0.4762,1443.0,3,0.3183,559,0.8084,0
BRW_0366,42,Female,Single,3,699.97,172.38,0.1679,2787.0,24,0.2917,565,0.8884,0
BRW_0367,67,Male,Married,4,381.17,181.54,0.0918,949.0,12,0.3633,644,0.8735,0
BRW_0368,46,Male,Single,1,1611.76,994.81,0.2257,4934.0,18,0.3213,555,0.9028,1
BRW_0369,56,Female,Single,5,177.6,154.8,0.2015,694.0,6,0.3708,653,0.8999,0
BRW_0370,48,Female,Single,4,565.82,693.63,0.1034,2025.0,12,0.3467,542,0.9202,0
BRW_0371,64,Female,Single,2,702.89,0.0,0.069,1869.0,18,0.2932,746,0.6499,0
BRW_0372,60,Female,Single,3,857.23,0.0,0.3684,2866.0,12,0.3101,627,0.8448,1
BRW_0373,67,Female,Married,5,420.75,0.0,0.1982,766.0,12,0.349,550,0.9242,0
BRW_0374,40,Male,Divorced,1,1172.8,2531.21,0.1376,3261.0,3,0.3225,552,0.9473,0
BRW_0375,61,Female,Married,4,331.32,0.0,0.266,728.0,6,0.3442,558,0.7248,1
BRW_0376,55,Female,Married,3,501.17,0.0,0.5379,954.0,12,0.3502,709,0.6406,1
BRW_0377,37,Male,Single,5,907.21,14.92,0.222,2328.0,12,0.3291,498,0.8331,0
BRW_0378,40,Female,Divorced,3,1118.89,205.56,0.1626,2045.0,12,0.3241,546,0.9428,1
BRW_0379,62,Male,Married,1,329.64,176.06,0.2238,1070.0,6,0.3359,555,0.9172,0
BRW_0380,69,Female,Single,4,2496.18,0.0,0.2137,6591.0,12,0.2941,598,0.8305,1
BRW_0381,33,Female,Married,3,424.65,254.52,0.3031,1201.0,6,0.3368,578,0.9166,1
BRW_0382,67,Male,Single,3,345.13,733.72,0.332,644.0,12,0.3216,480,0.8542,1
BRW_0383,59,Male,Married,0,855.22,452.41,0.0979,1582.0,18,0.3153,568,0.9192,0
BRW_0384,25,Male,Married,3,558.83,301.42,0.4913,1653.0,12,0.3339,592,0.5034,1
BRW_0385,67,Male,Divorced,0,519.04,52.96,0.2679,2057.0,3,0.3621,549,0.7783,0
BRW_0386,38,Male,Married,4,895.89,0.0,0.3315,1559.0,18,0.3284,654,0.8971,1
BRW_0387,18,Female,Married,5,309.93,0.0,0.3645,686.0,12,0.3457,673,0.5934,1
BRW_0388,25,Female,Widowed,5,283.99,0.0,0.1472,1043.0,12,0.3253,593,0.854,0
BRW_0389,46,Male,Single,4,493.38,954.06,0.3527,829.0,6,0.3588,618,0.913,0
BRW_0390,49,Male,Single,4,1140.19,2618.02,0.106,4207.0,12,0.3079,427,0.6545,0
BRW_0391,55,Male,Married,2,504.2,296.25,0.0465,1417.0,6,0.3407,566,0.7161,0
BRW_0392,22,Female,Married,4,1479.68,0.0,0.1286,3730.0,12,0.3389,680,0.9157,0
BRW_0393,64,Female,Married,3,1212.58,1462.28,0.0855,2758.0,3,0.3286,566,0.6806,0
BRW_0394,39,Male,Divorced,5,766.22,86.08,0.1509,1718.0,6,0.3012,541,0.7202,0
BRW_0395,64,Female,Married,1,788.29,579.35,0.3424,1785.0,3,0.2976,782,0.793,0
BRW_0396,51,Male,Married,5,765.86,21.38,0.2162,2843.0,6,0.3325,745,0.9934,0
BRW_0397,18,Male,Married,0,720.44,0.0,0.0254,2384.0,6,0.311,637,0.9079,0
BRW_0398,43,Female,Divorced,5,553.84,74.54,0.4541,1758.0,12,0.354,691,0.891,0
BRW_0399,60,Male,Widowed,2,586.93,94.86,0.169,2052.0,3,0.3407,421,0.7637,1
BRW_0400,27,Male,Divorced,4,389.56,0.0,0.2054,835.0,12,0.35,536,0.7978,0
BRW_0401,47,Female,Single,4,220.3,0.0,0.3403,671.0,6,0.3383,562,0.7465,1
BRW_0402,67,Male,Married,5,1155.21,901.96,0.5641,3061.0,24,0.3552,581,0.9315,1
BRW_0403,35,Female,Single,1,719.55,44.52,0.1571,2487.0,24,0.3922,560,0.7702,0
BRW_0404,34,Male,Single,1,667.21,373.94,0.4418,1517.0,6,0.3316,395,0.7857,1
BRW_0405,43,Female,Single,2,811.78,130.96,0.1532,2523.0,12,0.3392,630,0.7613,1
BRW_0406,25,Male,Married,0,439.57,300.05,0.3641,1629.0,3,0.3469,643,0.6168,1
BRW_0407,64,Female,Married,5,403.21,327.23,0.3114,1010.0,24,0.341,728,0.9787,0
BRW_0408,57,Female,Single,4,577.18,375.64,0.1615,962.0,12,0.3236,536,0.9158,0
BRW_0409,66,Male,Married,5,1318.24,1413.72,0.2783,3678.0,3,0.2931,530,0.7845,1
BRW_0410,29,Female,Married,2,370.79,0.0,0.4348,877.0,6,0.3246,385,0.9694,1
BRW_0411,44,Female,Married,3,178.84,207.26,0.3368,569.0,3,0.362,576,0.7091,0
BRW_0412,25,Male,Single,3,512.5,232.46,0.3453,1987.0,6,0.332,672,0.815,0
BRW_0413,42,Male,Married,2,1177.74,623.74,0.2381,3196.0,12,0.2681,551,0.9668,1
BRW_0414,63,Female,Married,4,279.7,233.7,0.1875,746.0,12,0.3593,771,0.8572,0
BRW_0415,21,Male,Single,2,368.65,5.46,0.3386,1156.0,6,0.3466,579,0.8977,0
BRW_0416,50,Female,Single,4,758.83,644.28,0.4096,1335.0,6,0.3609,611,0.9347,0
BRW_0417,18,Female,Married,1,2404.15,1853.83,0.034,5130.0,6,0.285,490,0.7202,0
BRW_0418,36,Female,Divorced,2,337.27,100.06,0.1727,1281.0,6,0.3189,622,0.9502,0
BRW_0419,48,Male,Married,4,330.81,23.74,0.3517,1050.0,18,0.3041,441,0.8233,1
BRW_0420,33,Male,Married,2,787.88,60.09,0.1693,1208.0,6,0.3186,655,0.818,0
BRW_0421,31,Male,Married,2,1214.8,2494.58,0.2917,2444.0,12,0.3058,657,0.8606,0
BRW_0422,65,Male,Married,4,486.85,455.25,0.1884,1561.0,6,0.3622,708,0.842,0
BRW_0423,22,Female,Single,4,295.69,0.0,0.2306,1009.0,6,0.3497,518,0.8609,0
BRW_0424,58,Female,Married,0,826.23,291.61,0.0981,2974.0,12,0.3543,612,0.8921,0
BRW_0425,43,Female,Divorced,2,904.53,0.0,0.1935,2018.0,12,0.3025,645,0.8584,1
BRW_0426,45,Female,Married,3,1618.62,2337.65,0.511,6195.0,12,0.3238,635,0.7705,1
BRW_0427,19,Female,Divorced,2,923.78,32.99,0.3387,2663.0,12,0.3427,530,0.8221,1
BRW_0428,67,Male,Married,2,1006.3,217.37,0.3759,3262.0,12,0.2851,408,0.9554,1
BRW_0429,23,Female,Single,4,583.43,1029.17,0.4004,1746.0,6,0.3664,627,0.8261,0
BRW_0430,26,Female,Divorced,2,2254.65,16.61,0.1209,4074.0,12,0.2846,587,0.4887,1
BRW_0431,50,Female,Single,5,545.08,98.07,0.5403,2130.0,12,0.3492,554,0.8169,1
BRW_0432,58,Male,Married,2,489.82,0.0,0.3219,885.0,3,0.3259,661,0.6457,1
BRW_0433,42,Male,Single,5,1643.79,1249.77,0.0266,3513.0,12,0.3291,596,0.8291,1
BRW_0434,65,Female,Single,3,318.26,0.0,0.2994,1125.0,3,0.3254,494,0.9461,1
BRW_0435,30,Female,Married,4,264.09,14.65,0.2037,805.0,6,0.3676,445,0.8579,1
BRW_0436,26,Male,Single,2,706.12,16.15,0.3974,2539.0,12,0.3522,509,0.7205,1
BRW_0437,30,Female,Married,5,664.56,149.23,0.4624,1854.0,18,0.3177,791,0.87,0
BRW_0438,48,Male,Married,5,593.51,0.0,0.2691,1450.0,18,0.3793,657,0.8149,0
BRW_0439,58,Male,Single,5,1093.31,0.0,0.1793,4160.0,3,0.3271,615,0.6852,1
BRW_0440,28,Female,Single,1,422.38,430.54,0.0708,672.0,12,0.3586,585,0.934,0
BRW_0441,21,Female,Married,0,686.83,1376.14,0.2501,2500.0,12,0.3059,580,0.7527,0
BRW_0442,51,Male,Married,3,555.54,233.02,0.3704,1154.0,6,0.3833,693,0.8663,0
BRW_0443,55,Female,Married,2,425.98,72.35,0.1141,1543.0,12,0.3209,560,0.8558,1
BRW_0444,63,Female,Married,1,644.89,375.58,0.2473,1192.0,12,0.3584,646,0.7897,0
BRW_0445,21,Male,Divorced,2,1018.72,0.0,0.6173,3006.0,24,0.3052,572,0.5697,1
BRW_0446,55,Male,Married,2,1920.39,2506.57,0.1205,7144.0,3,0.2818,755,0.9013,0
BRW_0447,36,Male,Married,4,888.66,48.41,0.4938,2385.0,6,0.3453,659,0.9207,0
BRW_0448,23,Male,Married,4,189.54,178.85,0.1773,638.0,18,0.3741,699,0.9278,0
BRW_0449,51,Female,Single,4,652.58,442.92,0.1772,2292.0,12,0.3122,553,0.721,1
BRW_0450,35,Female,Married,1,681.91,0.0,0.321,2278.0,18,0.3584,684,0.8274,1
BRW_0451,30,Male,Married,2,1062.21,111.03,0.0712,4051.0,3,0.3445,574,0.9375,0
BRW_0452,58,Female,Married,0,729.53,0.0,0.2938,1909.0,12,0.3162,608,0.9729,0
BRW_0453,40,Female,Married,3,1244.57,2106.6,0.1014,2406.0,12,0.3493,730,0.5417,0
BRW_0454,36,Male,Divorced,4,809.03,0.0,0.0802,1310.0,3,0.3031,516,0.9359,0
BRW_0455,62,Female,Divorced,4,1450.12,763.08,0.5074,3069.0,12,0.2978,616,0.9662,1
BRW_0456,28,Female,Divorced,2,534.12,31.22,0.1619,992.0,12,0.3513,635,0.8431,0
BRW_0457,18,Female,Married,2,714.92,186.41,0.2349,2070.0,6,0.3184,641,0.9682,0
BRW_0458,41,Female,Married,1,1005.58,315.6,0.5649,1973.0,6,0.3308,563,0.9002,1
BRW_0459,24,Female,Married,1,499.65,1160.25,0.3058,798.0,12,0.3477,766,0.7187,0
BRW_0460,42,Female,Married,4,448.09,0.0,0.3879,712.0,12,0.3409,496,0.8271,1
BRW_0461,38,Female,Married,2,485.57,239.99,0.2401,1738.0,18,0.36,716,0.7523,0
BRW_0462,32,Male,Married,0,457.32,0.0,0.3777,1362.0,6,0.3398,697,0.6969,1
BRW_0463,18,Male,Married,3,863.75,122.28,0.0963,2069.0,6,0.335,752,0.7289,0
BRW_0464,29,Female,Married,2,265.76,141.68,0.2694,993.0,24,0.3738,472,0.9668,0
BRW_0465,24,Male,Single,2,305.52,327.88,0.2602,512.0,24,0.3653,530,0.5796,1
BRW_0466,32,Female,Married,5,1688.12,2723.03,0.1637,6669.0,3,0.3178,719,0.9113,0
BRW_0467,38,Female,Single,1,462.87,0.0,0.2794,1407.0,12,0.3211,449,0.9727,0
BRW_0468,36,Male,Divorced,3,735.1,0.0,0.2589,1440.0,6,0.3453,471,0.9052,1
BRW_0469,46,Female,Married,4,315.9,34.12,0.1996,1010.0,3,0.3316,560,0.9504,0
BRW_0470,42,Male,Single,2,697.19,1625.65,0.0574,2376.0,6,0.3105,615,0.9721,0
BRW_0471,50,Female,Single,4,464.28,0.0,0.3298,1195.0,6,0.3426,727,0.9499,0
BRW_0472,66,Male,Married,2,304.43,0.0,0.1406,1112.0,18,0.3315,585,0.9905,0
BRW_0473,49,Female,Married,4,1297.84,319.41,0.1446,2436.0,12,0.3313,551,0.6199,1
BRW_0474,66,Male,Married,3,1201.45,2606.62,0.16,2640.0,24,0.3351,624,0.8123,0
BRW_0475,52,Female,Single,1,630.38,641.89,0.3622,1093.0,12,0.3003,637,0.9346,0
BRW_0476,61,Male,Married,3,1096.31,1229.33,0.4359,2222.0,12,0.3058,635,0.8574,0
BRW_0477,55,Female,Married,5,1722.7,0.0,0.1331,3612.0,12,0.2717,585,0.8505,1
BRW_0478,43,Female,Married,0,969.75,454.05,0.2945,3679.0,24,0.3175,443,0.953,1
BRW_0479,28,Male,Married,1,845.43,650.54,0.1285,1433.0,12,0.3401,526,0.967,0
BRW_0480,52,Female,Married,3,734.71,0.0,0.18,1887.0,12,0.33,713,0.8352,0
BRW_0481,25,Male,Single,5,920.35,0.0,0.0576,2606.0,24,0.3166,614,0.9606,0
BRW_0482,63,Male,Widowed,0,554.49,1454.91,0.0405,2078.0,6,0.367,574,0.9464,0
BRW_0483,31,Female,Married,5,579.22,1023.73,0.2767,2314.0,12,0.294,689,0.8644,0
BRW_0484,27,Male,Married,2,833.34,0.0,0.1439,2820.0,18,0.3562,509,0.9791,0
BRW_0485,19,Female,Single,2,524.83,726.47,0.1847,2061.0,24,0.3311,581,0.7858,0
BRW_0486,63,Male,Married,4,553.96,323.73,0.2746,1921.0,6,0.3394,611,0.819,1
BRW_0487,26,Female,Single,1,665.2,329.69,0.2046,2600.0,12,0.3266,564,0.7997,1
BRW_0488,20,Female,Married,2,1182.4,357.09,0.1777,3864.0,12,0.3503,608,0.8903,0
BRW_0489,38,Male,Widowed,5,377.54,262.71,0.3184,642.0,6,0.3224,584,0.9011,1
BRW_0490,43,Male,Married,1,972.23,1018.06,0.0525,2435.0,12,0.3269,488,0.8858,1
BRW_0491,25,Female,Single,2,988.21,418.38,0.3667,3080.0,6,0.3367,614,0.8997,1
BRW_0492,65,Male,Single,4,985.26,782.02,0.1617,2342.0,6,0.294,493,0.9818,1
BRW_0493,19,Female,Married,3,444.36,427.18,0.2249,970.0,12,0.3264,613,0.8268,0
BRW_0494,23,Female,Single,4,285.33,283.45,0.3069,840.0,12,0.3473,709,0.901,0
BRW_0495,45,Female,Single,0,879.94,37.57,0.148,3373.0,12,0.3121,577,0.8687,0
BRW_0496,46,Female,Married,2,730.53,1147.99,0.2964,1160.0,12,0.3186,506,0.9914,0
BRW_0497,43,Female,Married,0,1099.04,0.0,0.1889,3762.0,6,0.3153,589,0.7892,1
BRW_0498,42,Female,Single,0,468.59,114.1,0.0235,1550.0,6,0.3569,533,0.958,0
BRW_0499,29,Male,Divorced,5,972.68,215.36,0.0433,3803.0,3,0.3198,647,0.8325,1
BRW_0500,22,Male,Single,1,1126.88,594.76,0.2667,4312.0,6,0.3429,588,0.8422,0
BRW_0501,51,Male,Widowed,5,634.19,0.0,0.0906,2160.0,12,0.3183,736,0.7319,0
BRW_0502,65,Female,Married,2,819.31,311.58,0.1855,2295.0,12,0.3069,693,0.9741,0
BRW_0503,54,Female,Divorced,0,805.11,892.19,0.1178,1619.0,6,0.3709,587,0.8921,0
BRW_0504,32,Male,Married,3,441.1,35.93,0.3205,1263.0,6,0.3317,657,0.8921,1
BRW_0505,61,Male,Divorced,0,867.44,448.55,0.3367,2961.0,12,0.304,568,0.9578,0
BRW_0506,53,Female,Widowed,3,1497.05,0.0,0.0881,5598.0,6,0.2738,602,0.9045,0
BRW_0507,32,Male,Single,5,672.57,0.0,0.1276,2337.0,24,0.3584,571,0.9405,1
BRW_0508,60,Male,Widowed,5,320.39,60.59,0.1636,637.0,12,0.3422,661,0.9645,0
BRW_0509,65,Male,Married,1,471.72,262.67,0.1982,1415.0,6,0.3388,714,0.8175,1
BRW_0510,40,Male,Married,0,273.22,58.16,0.0171,637.0,6,0.3474,663,0.7276,0
BRW_0511,23,Male,Married,4,1267.92,0.0,0.252,1931.0,12,0.3368,673,0.8442,0
BRW_0512,63,Female,Married,5,974.62,1180.86,0.0263,1950.0,3,0.323,673,0.9655,0
BRW_0513,67,Male,Single,5,517.66,0.0,0.1403,923.0,6,0.3891,644,0.9098,0
BRW_0514,61,Male,Married,1,327.33,0.0,0.1611,1181.0,6,0.3515,508,0.9002,0
BRW_0515,60,Female,Married,3,438.5,0.0,0.0471,941.0,12,0.3662,736,0.8869,0
BRW_0516,62,Female,Married,1,483.41,347.24,0.1334,1069.0,12,0.3595,744,0.9799,0
BRW_0517,38,Female,Divorced,0,702.54,268.6,0.144,2740.0,3,0.3352,581,0.9108,1
BRW_0518,40,Male,Married,2,690.82,385.22,0.3624,1691.0,12,0.3246,570,0.8779,1
BRW_0519,60,Male,Married,2,1300.78,966.79,0.3406,1982.0,12,0.322,648,0.8915,0
BRW_0520,33,Female,Single,3,470.42,0.0,0.0479,1039.0,12,0.3541,644,0.861,0
BRW_0521,64,Female,Single,5,312.91,166.8,0.3457,563.0,6,0.3378,583,0.6572,0
BRW_0522,32,Female,Single,3,372.97,209.78,0.0668,655.0,12,0.3505,499,0.8897,0
BRW_0523,42,Male,Married,5,657.53,102.09,0.1046,1114.0,24,0.3622,624,0.8976,1
BRW_0524,53,Male,Single,5,462.04,0.0,0.0945,1378.0,3,0.3856,644,0.97,0
BRW_0525,28,Male,Widowed,2,574.78,358.83,0.4858,1134.0,6,0.3574,658,0.9303,0
BRW_0526,68,Female,Married,3,530.06,59.58,0.2092,1274.0,6,0.3791,627,0.8255,0
BRW_0527,32,Female,Married,1,1091.29,1268.61,0.1988,3989.0,6,0.31,578,0.732,1
BRW_0528,21,Female,Married,5,495.97,1069.23,0.2341,1270.0,6,0.357,679,0.8898,0
BRW_0529,38,Female,Single,4,550.78,0.0,0.1436,2087.0,18,0.3679,605,0.632,1
BRW_0530,30,Male,Married,4,952.07,350.73,0.1271,2613.0,24,0.3094,562,0.8332,0
BRW_0531,39,Male,Married,1,501.45,0.0,0.0527,1252.0,6,0.3331,585,0.6448,1
BRW_0532,36,Male,Married,4,821.89,480.4,0.379,2775.0,12,0.3666,460,0.8655,1
BRW_0533,51,Male,Married,0,785.05,75.03,0.4647,1321.0,12,0.3136,585,0.8707,1
BRW_0534,31,Female,Widowed,5,714.0,0.0,0.1624,1231.0,12,0.3087,655,0.9427,0
BRW_0535,21,Male,Divorced,1,377.21,61.21,0.2779,1181.0,12,0.3776,627,0.7661,0
BRW_0536,65,Male,Married,3,1230.14,286.75,0.5436,3343.0,6,0.3418,721,0.8472,1
BRW_0537,69,Male,Married,5,2018.97,0.0,0.1161,7018.0,12,0.2994,578,0.8077,1
BRW_0538,63,Female,Married,1,668.08,258.23,0.1328,2532.0,12,0.3362,638,0.9474,0
BRW_0539,44,Female,Single,2,394.19,499.23,0.3933,974.0,12,0.3377,663,0.8137,0
BRW_0540,46,Female,Married,3,674.89,329.02,0.0313,2019.0,12,0.3425,787,0.7704,0
BRW_0541,64,Male,Single,2,1091.09,163.45,0.2231,3002.0,6,0.3542,611,0.9563,0
BRW_0542,45,Male,Married,5,489.02,121.63,0.3697,1934.0,3,0.348,516,0.9522,1
BRW_0543,52,Female,Married,3,623.63,354.99,0.0721,2231.0,24,0.382,667,0.9012,0
BRW_0544,25,Male,Single,4,788.65,100.65,0.1909,2981.0,12,0.315,749,0.7685,0
BRW_0545,33,Male,Widowed,1,1213.82,918.49,0.4009,2593.0,18,0.318,574,0.8968,0
BRW_0546,59,Female,Divorced,5,980.16,0.0,0.1241,3363.0,3,0.3189,667,0.8366,0
BRW_0547,53,Female,Married,0,1000.68,1004.06,0.0771,2165.0,12,0.304,698,0.7555,0
BRW_0548,47,Male,Married,3,537.47,1193.56,0.2041,1087.0,12,0.3385,681,0.7306,0
BRW_0549,35,Female,Divorced,3,813.19,0.0,0.3011,3139.0,18,0.3405,610,0.9536,0
BRW_0550,19,Male,Single,5,463.6,1083.03,0.2588,718.0,3,0.3546,544,0.77,0
BRW_0551,66,Female,Married,5,1015.12,227.92,0.2544,3973.0,6,0.3686,593,0.9026,1
BRW_0552,30,Male,Single,2,1182.76,133.47,0.5634,2215.0,12,0.3287,636,0.6143,1
BRW_0553,21,Female,Married,4,877.15,0.0,0.1118,3113.0,18,0.3529,672,0.8701,0
BRW_0554,43,Female,Single,2,553.52,0.0,0.1651,1212.0,24,0.3423,626,0.9129,0
BRW_0555,42,Male,Divorced,2,600.72,1719.24,0.3254,1428.0,24,0.373,569,0.8265,0
BRW_0556,47,Female,Divorced,4,1641.32,2575.3,0.1783,3351.0,24,0.3517,644,0.8252,0
BRW_0557,28,Female,Single,0,558.16,0.0,0.332,1654.0,3,0.3515,668,0.8444,0
BRW_0558,24,Female,Married,2,1124.39,2649.58,0.5597,2665.0,3,0.3016,630,0.7889,1
BRW_0559,48,Male,Widowed,2,787.96,0.0,0.1389,2477.0,6,0.322,533,0.8782,0
BRW_0560,61,Male,Married,3,562.8,4.21,0.2162,866.0,6,0.3463,585,0.7458,0
BRW_0561,27,Male,Divorced,4,339.57,158.67,0.2827,564.0,18,0.3575,675,0.5826,1
BRW_0562,56,Female,Married,1,739.37,27.9,0.1328,1293.0,18,0.3486,489,0.9511,0
BRW_0563,30,Female,Married,0,696.14,0.0,0.0934,1773.0,6,0.3453,432,0.8866,1
BRW_0564,48,Female,Single,0,1641.34,542.73,0.2875,5805.0,12,0.3039,720,0.8758,0
BRW_0565,24,Female,Single,4,432.64,0.0,0.2572,1610.0,24,0.3324,640,0.8776,0
BRW_0566,66,Female,Married,5,2095.16,1591.94,0.2075,4425.0,12,0.2962,648,0.8568,0
BRW_0567,59,Female,Married,5,803.84,1306.11,0.2233,2360.0,6,0.3695,513,0.8359,0
BRW_0568,59,Female,Married,3,803.45,0.0,0.072,2749.0,12,0.3529,659,0.6315,1
BRW_0569,53,Male,Married,3,494.46,225.18,0.421,1099.0,6,0.3537,622,0.8448,0
BRW_0570,37,Female,Married,4,778.49,1065.99,0.1431,1964.0,12,0.3539,473,0.5931,1
BRW_0571,21,Female,Divorced,3,842.63,0.0,0.1768,2368.0,12,0.3237,713,0.8397,0
BRW_0572,24,Male,Widowed,0,1062.8,108.46,0.6158,1953.0,3,0.3134,612,0.7159,1
BRW_0573,18,Female,Married,0,407.83,0.0,0.057,638.0,24,0.3311,568,0.8446,0
BRW_0574,61,Male,Divorced,1,1343.98,359.96,0.1359,2529.0,12,0.3114,569,0.7197,0
BRW_0575,62,Male,Married,5,796.88,30.73,0.0675,2444.0,12,0.3242,438,0.8281,0
BRW_0576,59,Male,Married,4,901.55,0.0,0.2504,1518.0,24,0.3533,647,0.8803,0
BRW_0577,64,Female,Widowed,2,595.58,946.31,0.2136,1176.0,6,0.3301,620,0.804,0
BRW_0578,30,Male,Single,5,418.19,59.49,0.0476,981.0,6,0.3296,584,0.7976,0
BRW_0579,39,Female,Single,2,689.77,923.47,0.3104,1169.0,18,0.3752,702,0.8225,0
BRW_0580,38,Female,Divorced,1,730.44,1121.97,0.2471,1446.0,6,0.3259,489,0.8677,0
BRW_0581,39,Female,Married,1,332.71,654.07,0.1566,1257.0,12,0.3517,552,0.8311,1
BRW_0582,45,Male,Divorced,3,988.95,243.89,0.2976,1531.0,6,0.3351,531,0.9152,1
BRW_0583,26,Female,Divorced,1,1094.73,2051.89,0.2032,3430.0,3,0.2997,577,0.8632,0
BRW_0584,43,Female,Single,1,461.82,142.85,0.2483,1137.0,12,0.3689,605,0.6931,1
BRW_0585,26,Male,Divorced,2,398.9,256.48,0.4878,1269.0,6,0.3591,634,0.9021,0
BRW_0586,32,Female,Married,3,571.65,23.7,0.3398,1699.0,12,0.3716,572,0.7416,1
BRW_0587,27,Female,Married,1,673.14,24.16,0.379,1386.0,12,0.3233,529,0.8588,1
BRW_0588,41,Female,Married,5,582.84,594.17,0.5616,2109.0,24,0.342,734,0.8104,1
BRW_0589,59,Female,Divorced,1,645.19,303.42,0.2097,1761.0,12,0.3387,792,0.8717,0
BRW_0590,25,Female,Single,3,743.03,176.01,0.2772,2642.0,6,0.3398,611,0.7953,1
BRW_0591,41,Female,Married,4,335.58,56.71,0.3328,844.0,18,0.3194,539,0.8638,0
BRW_0592,33,Male,Married,3,355.44,315.21,0.2047,1408.0,12,0.35,718,0.964,0
BRW_0593,66,Female,Married,2,170.52,0.05,0.2495,584.0,12,0.3256,484,0.9147,0
BRW_0594,43,Female,Married,4,1065.58,0.0,0.0652,4172.0,18,0.3306,573,0.9112,0
BRW_0595,44,Male,Single,5,670.23,44.27,0.1206,1867.0,12,0.2944,544,0.7962,1
BRW_0596,54,Female,Single,0,1123.19,191.0,0.5005,3015.0,12,0.2845,507,0.5868,1
BRW_0597,21,Male,Married,3,376.58,147.06,0.0506,1276.0,12,0.3635,577,0.7372,1
BRW_0598,67,Female,Divorced,2,673.31,0.0,0.3169,2492.0,6,0.326,530,0.7408,1
BRW_0599,41,Female,Single,5,740.56,0.0,0.2911,2896.0,6,0.3149,601,0.9308,1
BRW_0600,36,Female,Single,4,502.26,155.38,0.4383,1161.0,12,0.3682,602,0.9549,1
BRW_0601,53,Female,Widowed,5,305.91,812.96,0.596,1070.0,6,0.3561,550,0.9568,0
BRW_0602,56,Female,Single,3,1592.3,0.0,0.2467,3227.0,3,0.3228,570,0.6274,0
BRW_0603,27,Female,Widowed,1,1338.95,25.4,0.0532,3835.0,3,0.3108,581,0.8934,0
BRW_0604,42,Female,Married,3,549.51,247.25,0.1308,1071.0,12,0.3948,664,0.9181,0
BRW_0605,35,Female,Divorced,0,858.44,0.0,0.1184,2033.0,6,0.3185,588,0.9318,0
BRW_0606,36,Female,Single,3,521.97,149.81,0.2668,1998.0,12,0.377,665,0.953,1
BRW_0607,53,Female,Single,4,404.36,32.13,0.0491,754.0,6,0.3449,646,0.7695,0
BRW_0608,27,Female,Married,4,1658.44,1884.53,0.3376,5110.0,12,0.27,645,0.5548,1
BRW_0609,50,Female,Divorced,3,290.71,216.62,0.0998,867.0,12,0.3597,711,0.741,0
BRW_0610,67,Male,Married,4,576.66,389.68,0.1052,1039.0,12,0.3465,510,0.8244,0
BRW_0611,22,Female,Single,1,693.78,30.56,0.2956,1606.0,6,0.3152,562,0.7164,1
BRW_0612,64,Male,Married,5,1518.71,183.95,0.1022,4416.0,24,0.2895,741,0.6263,1
BRW_0613,66,Male,Married,3,1041.37,811.7,0.3489,2049.0,24,0.3238,579,0.9828,0
BRW_0614,52,Female,Married,1,288.26,0.0,0.0753,1009.0,18,0.3571,374,0.9263,1
BRW_0615,61,Male,Married,5,664.23,372.67,0.0792,2611.0,24,0.2878,583,0.828,0
BRW_0616,51,Male,Divorced,5,672.18,423.31,0.4244,1369.0,12,0.358,610,0.8035,0
BRW_0617,50,Female,Married,1,593.38,0.0,0.1626,1167.0,12,0.3298,390,0.8738,1
BRW_0618,38,Female,Single,2,906.78,2150.68,0.2338,2391.0,12,0.3023,706,0.906,0
BRW_0619,34,Male,Married,3,328.8,0.0,0.1599,1108.0,12,0.3675,542,0.9207,0
BRW_0620,39,Male,Single,5,542.23,555.88,0.4321,1195.0,18,0.3409,626,0.8105,1
BRW_0621,65,Female,Married,5,845.06,54.9,0.3961,1310.0,12,0.3553,581,0.8068,1
BRW_0622,54,Female,Married,4,934.29,83.86,0.2522,2666.0,24,0.3367,496,0.9575,0
BRW_0623,32,Female,Single,5,716.74,389.23,0.5549,2789.0,6,0.3354,514,0.8609,1
BRW_0624,52,Female,Married,1,575.83,0.0,0.2803,1427.0,18,0.3372,525,0.9194,0
BRW_0625,45,Male,Single,5,626.43,1918.81,0.172,1598.0,12,0.3482,686,0.8354,0
BRW_0626,24,Female,Divorced,2,963.14,0.0,0.1531,3778.0,12,0.3187,588,0.9045,0
BRW_0627,49,Female,Divorced,3,676.51,361.74,0.0299,2190.0,6,0.3198,558,0.8608,0
BRW_0628,28,Male,Single,3,395.08,0.0,0.3521,1303.0,12,0.3587,525,0.8437,1
BRW_0629,27,Female,Widowed,5,358.97,292.9,0.2266,1043.0,24,0.3448,695,0.8922,1
BRW_0630,26,Female,Married,0,315.82,34.91,0.1441,1243.0,6,0.3498,717,0.579,0
BRW_0631,31,Male,Single,0,1377.18,619.92,0.148,4438.0,12,0.3346,694,0.966,0
BRW_0632,30,Male,Single,1,995.98,255.91,0.1247,3723.0,6,0.3236,639,0.5842,0
BRW_0633,42,Female,Married,0,630.65,1103.41,0.1449,2049.0,24,0.3387,623,0.9301,0
BRW_0634,19,Female,Married,1,530.12,0.0,0.0832,1769.0,12,0.3298,502,0.8472,1
BRW_0635,52,Female,Married,4,499.21,0.0,0.3044,1111.0,6,0.3515,580,0.9327,0
BRW_0636,24,Female,Single,1,1148.97,1645.07,0.4076,2595.0,6,0.3276,545,0.6322,1
BRW_0637,38,Female,Single,0,1723.68,0.0,0.2574,5960.0,12,0.3189,453,0.9397,1
BRW_0638,35,Female,Married,5,491.42,0.0,0.2416,1102.0,3,0.3316,684,0.7439,0
BRW_0639,20,Female,Single,4,1175.22,29.81,0.2239,3416.0,12,0.3106,544,0.8774,0
BRW_0640,59,Female,Single,0,674.52,1838.57,0.0422,1432.0,24,0.3527,695,0.8137,0
BRW_0641,56,Female,Single,1,598.12,357.82,0.2244,2119.0,18,0.3445,670,0.8316,0
BRW_0642,58,Female,Divorced,2,1411.08,407.94,0.1827,2506.0,3,0.2935,644,0.8437,0
BRW_0643,66,Female,Divorced,3,661.77,238.41,0.3425,2365.0,24,0.3634,649,0.8491,0
BRW_0644,28,Female,Married,0,771.38,42.4,0.1745,2319.0,12,0.2996,550,0.9565,0
BRW_0645,56,Female,Divorced,1,753.05,2736.37,0.2981,1481.0,6,0.3499,748,0.825,0
BRW_0646,41,Male,Married,4,295.07,9.46,0.2325,842.0,3,0.3246,603,0.8326,1
BRW_0647,63,Female,Married,0,768.32,653.96,0.1643,1695.0,6,0.3714,624,0.7473,0
BRW_0648,36,Male,Single,0,502.03,234.84,0.3009,1159.0,18,0.3119,548,0.7702,0
BRW_0649,21,Male,Married,3,326.82,777.65,0.4684,777.0,3,0.3718,525,0.9461,1
BRW_0650,43,Female,Widowed,1,513.59,0.0,0.0424,852.0,6,0.3408,638,0.5888,0
BRW_0651,55,Female,Married,2,511.48,0.0,0.2591,2028.0,12,0.3351,617,0.6337,1
BRW_0652,59,Female,Married,4,1113.14,0.0,0.4197,1757.0,12,0.3255,536,0.8389,0
BRW_0653,49,Female,Married,1,390.76,379.37,0.0915,1233.0,12,0.3592,484,0.7821,0
BRW_0654,56,Male,Single,4,448.13,25.25,0.0662,1088.0,12,0.3265,498,0.7418,0
BRW_0655,62,Female,Divorced,0,748.22,128.94,0.1087,2331.0,3,0.318,695,0.8467,0
BRW_0656,63,Female,Married,3,342.78,66.23,0.3286,819.0,18,0.3612,550,0.6649,0
BRW_0657,53,Female,Married,3,478.42,512.86,0.0713,1523.0,6,0.3095,572,0.7849,1
BRW_0658,57,Female,Married,5,289.39,0.0,0.4976,962.0,12,0.3384,716,0.8898,0
BRW_0659,54,Male,Married,2,1053.64,718.27,0.0332,3399.0,12,0.3847,510,0.7582,1
BRW_0660,50,Female,Single,3,572.1,110.93,0.3191,1021.0,6,0.321,541,0.9334,0
BRW_0661,53,Female,Married,0,659.87,1044.07,0.1029,2073.0,24,0.3603,538,0.9302,0
BRW_0662,20,Male,Single,2,1051.53,2397.92,0.2311,2313.0,12,0.3122,729,0.8036,0
BRW_0663,26,Male,Married,1,463.53,0.0,0.1564,729.0,3,0.3543,759,0.9102,0
BRW_0664,25,Female,Divorced,3,569.07,0.0,0.099,1444.0,24,0.3536,660,0.7273,0
BRW_0665,50,Female,Divorced,2,392.23,0.0,0.1227,1013.0,12,0.3691,662,0.6226,1
BRW_0666,23,Female,Married,0,391.8,16.01,0.1174,1045.0,12,0.3426,553,0.9833,0
BRW_0667,58,Female,Married,5,419.77,105.0,0.3346,1369.0,12,0.3854,755,0.6478,1
BRW_0668,56,Female,Single,4,519.96,441.76,0.3497,1181.0,18,0.3304,621,0.7443,0
BRW_0669,21,Female,Married,4,548.73,334.83,0.2858,1256.0,3,0.3459,668,0.7753,0
BRW_0670,30,Female,Single,0,768.4,1772.32,0.0984,1269.0,6,0.3386,591,0.9229,0
BRW_0671,66,Female,Married,0,425.98,171.97,0.3083,1370.0,12,0.323,578,0.8994,1
BRW_0672,19,Male,Single,4,780.41,0.0,0.2497,2278.0,3,0.3275,733,0.9459,0
BRW_0673,22,Female,Single,5,847.68,455.72,0.3487,2012.0,12,0.3342,643,0.9514,0
BRW_0674,61,Female,Married,2,526.41,302.63,0.0689,1718.0,6,0.3333,716,0.8407,0
BRW_0675,44,Female,Single,4,444.81,0.0,0.3399,1265.0,6,0.3936,620,0.8247,1
BRW_0676,49,Male,Married,0,694.05,336.96,0.1957,1855.0,3,0.3194,532,0.7197,0
BRW_0677,38,Female,Married,3,600.97,305.95,0.1961,1670.0,12,0.363,553,0.8481,0
BRW_0678,25,Female,Single,1,742.61,728.57,0.1784,2295.0,18,0.3517,608,0.9392,0
BRW_0679,55,Male,Married,5,1458.16,3294.43,0.6221,4593.0,6,0.3097,549,0.9171,1
BRW_0680,25,Male,Single,5,688.36,219.98,0.0544,1530.0,12,0.3191,511,0.9772,0
BRW_0681,67,Male,Single,3,483.18,16.67,0.1469,895.0,6,0.3281,696,0.6592,1
BRW_0682,20,Female,Married,3,426.05,0.0,0.2695,806.0,12,0.335,556,0.6598,1
BRW_0683,61,Female,Single,0,434.37,0.0,0.1643,1346.0,3,0.3094,611,0.7455,0
BRW_0684,20,Male,Divorced,4,320.09,0.0,0.3738,1179.0,12,0.329,623,0.797,1
BRW_0685,39,Male,Single,2,1060.37,0.0,0.0402,2676.0,12,0.294,552,0.8907,0
BRW_0686,23,Female,Single,5,217.75,730.77,0.0749,419.0,24,0.3795,716,0.9304,0
BRW_0687,19,Female,Married,5,848.99,1979.58,0.0327,2879.0,6,0.3433,510,0.9941,1
BRW_0688,40,Female,Married,3,430.94,0.0,0.3007,1543.0,12,0.3609,620,0.7836,0
BRW_0689,61,Male,Single,4,514.81,857.61,0.0295,1906.0,12,0.3541,619,0.6867,0
BRW_0690,19,Female,Married,5,424.54,0.0,0.5677,1281.0,24,0.3488,595,0.8161,1
BRW_0691,55,Female,Single,2,1370.5,663.16,0.4178,5005.0,6,0.3422,496,0.9643,1
BRW_0692,34,Female,Divorced,3,670.59,0.0,0.0415,1032.0,6,0.3248,669,0.8725,0
BRW_0693,52,Female,Married,2,987.51,1496.64,0.1593,1746.0,18,0.3283,659,0.8323,0
BRW_0694,51,Female,Married,4,1274.44,666.98,0.2559,2207.0,3,0.3312,545,0.7455,1
BRW_0695,40,Female,Divorced,5,721.77,269.73,0.0229,2368.0,6,0.3088,656,0.8917,0
BRW_0696,47,Male,Married,1,365.84,198.94,0.2769,612.0,3,0.4,629,0.9036,0
BRW_0697,69,Female,Divorced,5,595.67,412.41,0.2547,1633.0,18,0.3401,497,0.8696,1
BRW_0698,25,Female,Married,4,458.92,0.0,0.1196,1231.0,3,0.3471,531,0.928,0
BRW_0699,39,Female,Widowed,5,517.11,0.0,0.2356,1177.0,18,0.3674,691,0.8971,1
BRW_0700,61,Female,Single,5,634.41,0.0,0.3878,2332.0,12,0.3565,624,0.7363,1
BRW_0701,53,Female,Married,0,621.99,499.15,0.2397,1198.0,3,0.3394,554,0.8442,0
BRW_0702,22,Female,Married,5,817.34,0.0,0.2635,1946.0,12,0.3346,531,0.6562,1
BRW_0703,30,Female,Married,5,878.88,651.62,0.2216,3019.0,6,0.2998,558,0.697,0
BRW_0704,46,Female,Married,2,621.99,64.15,0.1692,980.0,12,0.3275,564,0.8547,1
BRW_0705,48,Female,Married,1,813.82,53.37,0.2017,2590.0,12,0.3424,532,0.9685,1
BRW_0706,64,Male,Single,2,505.38,302.95,0.0841,1790.0,12,0.3516,460,0.9901,0
BRW_0707,33,Female,Single,2,1283.56,0.0,0.0321,4917.0,3,0.3404,691,0.7573,1
BRW_0708,59,Male,Married,3,501.32,0.0,0.2656,1850.0,12,0.3404,677,0.8403,0
BRW_0709,47,Female,Married,0,1210.26,90.49,0.063,2782.0,18,0.2908,498,0.9595,0
BRW_0710,33,Male,Widowed,2,317.97,143.43,0.0825,943.0,12,0.3702,610,0.9842,0
BRW_0711,29,Male,Married,4,549.93,0.0,0.3374,931.0,18,0.3699,527,0.9002,0
BRW_0712,34,Female,Widowed,4,563.69,0.0,0.2267,1209.0,6,0.3586,579,0.9702,0
BRW_0713,33,Female,Married,5,764.71,503.85,0.2802,1327.0,18,0.3305,572,0.6437,1
BRW_0714,29,Female,Single,3,1023.42,0.0,0.0561,2342.0,6,0.3458,565,0.8204,0
BRW_0715,25,Female,Single,0,356.13,112.16,0.1953,1313.0,3,0.4,760,0.5947,0
BRW_0716,37,Male,Married,0,382.22,30.43,0.3479,905.0,18,0.3492,564,0.9347,0
BRW_0717,20,Male,Married,5,329.98,983.16,0.5497,959.0,24,0.3225,535,0.9572,0
BRW_0718,33,Male,Single,4,1287.03,0.0,0.2111,3325.0,12,0.3041,538,0.9524,0
BRW_0719,47,Female,Married,1,771.86,0.0,0.1152,2043.0,6,0.346,683,0.8059,0
BRW_0720,62,Male,Widowed,3,386.76,324.7,0.293,1518.0,6,0.3146,467,0.9574,1
BRW_0721,40,Male,Married,5,532.96,10.66,0.1343,1194.0,12,0.3451,538,0.7781,1
BRW_0722,45,Female,Married,3,1200.97,1596.9,0.145,3685.0,18,0.3264,715,0.8294,0
BRW_0723,68,Female,Married,4,578.79,356.13,0.405,1476.0,6,0.3709,619,0.8827,0
BRW_0724,57,Male,Single,4,561.95,146.57,0.0725,929.0,18,0.3669,615,0.8388,0
BRW_0725,22,Female,Married,1,450.05,0.0,0.1385,1226.0,6,0.3619,770,0.6637,0
BRW_0726,37,Male,Married,1,398.42,0.0,0.1953,1408.0,18,0.3031,619,0.7496,0
BRW_0727,57,Female,Single,0,1201.9,2167.38,0.115,2100.0,24,0.3372,543,0.6691,0
BRW_0728,61,Male,Married,3,1536.02,0.0,0.1599,2571.0,12,0.3214,577,0.84,1
BRW_0729,18,Female,Married,3,406.43,0.0,0.139,766.0,6,0.3512,509,0.8756,0
BRW_0730,47,Female,Divorced,4,1342.74,72.89,0.3351,4580.0,18,0.2794,700,0.5727,1
BRW_0731,38,Female,Divorced,0,521.29,489.25,0.479,1725.0,12,0.3266,645,0.7422,1
BRW_0732,37,Male,Single,5,868.55,590.33,0.1987,2530.0,12,0.3069,689,0.8034,0
BRW_0733,23,Male,Married,3,1346.29,558.32,0.1593,3595.0,12,0.2735,697,0.8127,0
BRW_0734,39,Female,Married,0,618.6,0.0,0.1452,2302.0,6,0.3387,566,0.7969,0
BRW_0735,35,Female,Divorced,0,564.55,110.37,0.0876,1929.0,18,0.3247,524,0.9471,1
BRW_0736,25,Male,Single,4,992.81,879.62,0.2854,3504.0,6,0.3785,595,0.9339,0
BRW_0737,56,Female,Married,0,381.85,1078.06,0.4803,1349.0,24,0.3435,530,0.8547,1
BRW_0738,49,Male,Married,1,1180.31,182.47,0.2283,3667.0,6,0.3454,613,0.9563,0
BRW_0739,50,Female,Single,1,714.37,0.0,0.2913,1890.0,12,0.3041,690,0.6092,1
BRW_0740,33,Female,Single,2,498.26,220.02,0.3328,1824.0,6,0.3323,586,0.8853,0
BRW_0741,29,Female,Married,4,491.72,0.0,0.2671,1876.0,6,0.3451,611,0.7368,1
BRW_0742,55,Female,Married,5,333.04,78.13,0.3619,519.0,6,0.3304,592,0.7999,0
BRW_0743,69,Male,Married,2,508.73,709.67,0.3328,829.0,12,0.3341,664,0.9677,0
BRW_0744,51,Female,Married,1,582.88,309.67,0.0545,2271.0,12,0.3357,546,0.9559,0
BRW_0745,31,Female,Married,2,391.25,245.38,0.2508,858.0,18,0.3419,424,0.8076,1
BRW_0746,53,Male,Married,4,650.19,0.0,0.2085,2395.0,6,0.3748,637,0.8785,1
BRW_0747,50,Female,Single,4,842.57,135.26,0.1014,2083.0,12,0.3387,679,0.5742,1
BRW_0748,40,Female,Divorced,0,597.8,42.96,0.1118,1075.0,12,0.3491,635,0.7523,0
BRW_0749,67,Male,Single,3,926.45,0.0,0.2511,1576.0,6,0.339,548,0.9078,0
BRW_0750,62,Male,Married,0,444.27,77.64,0.1472,840.0,12,0.357,509,0.8241,0
BRW_0751,19,Female,Single,4,1098.49,1029.44,0.1997,2334.0,12,0.3207,639,0.8417,1
BRW_0752,58,Male,Single,1,706.91,0.0,0.338,1924.0,6,0.3293,611,0.8764,0
BRW_0753,38,Male,Married,5,1440.33,619.31,0.0767,4686.0,6,0.314,589,0.8442,1
BRW_0754,19,Female,Single,1,2224.1,0.0,0.1936,8000.0,12,0.3069,745,0.7419,0
BRW_0755,44,Female,Divorced,0,525.78,192.82,0.1198,1369.0,6,0.3645,524,0.664,0
BRW_0756,26,Male,Single,5,536.72,0.0,0.3411,1500.0,12,0.3368,742,0.7661,1
BRW_0757,18,Male,Married,4,588.09,174.32,0.135,1649.0,24,0.3552,602,0.9452,0
BRW_0758,28,Female,Married,1,895.92,781.14,0.3807,2552.0,12,0.3254,453,0.6901,1
BRW_0759,20,Male,Single,4,1290.76,1131.71,0.2711,3607.0,12,0.3164,585,0.7764,1
BRW_0760,69,Male,Single,5,479.91,129.46,0.3075,730.0,3,0.3341,676,0.8993,0
BRW_0761,40,Female,Married,5,804.82,396.86,0.3444,1211.0,18,0.3288,570,0.7574,0
BRW_0762,43,Female,Married,1,621.44,106.88,0.1931,1084.0,6,0.3655,482,0.7492,0
BRW_0763,21,Female,Married,4,906.01,0.0,0.0689,1589.0,12,0.3308,586,0.8975,0
BRW_0764,35,Male,Married,2,1414.78,26.39,0.086,4615.0,24,0.3142,531,0.6929,1
BRW_0765,23,Female,Married,4,589.83,1071.4,0.3563,1187.0,12,0.3108,639,0.8987,0
BRW_0766,52,Female,Single,5,288.61,54.63,0.126,1078.0,12,0.3439,661,0.9211,0
BRW_0767,39,Male,Married,4,964.83,199.27,0.2464,3687.0,12,0.3221,515,0.7813,1
BRW_0768,60,Male,Widowed,0,438.63,115.08,0.4065,1728.0,3,0.3284,543,0.7511,1
BRW_0769,32,Female,Married,2,619.21,67.51,0.1804,2383.0,12,0.3392,660,0.9306,1
BRW_0770,39,Male,Married,3,985.86,804.15,0.1743,2149.0,3,0.3176,531,0.9114,1
BRW_0771,54,Female,Married,0,771.78,0.0,0.262,2141.0,12,0.3351,513,0.814,1
BRW_0772,69,Male,Married,3,632.16,72.88,0.1396,1226.0,3,0.3408,505,0.9761,1
BRW_0773,59,Female,Married,1,498.73,412.93,0.4824,1753.0,18,0.3238,628,0.724,1
BRW_0774,29,Female,Married,3,156.03,51.8,0.0761,581.0,6,0.3467,624,0.855,1
BRW_0775,64,Male,Widowed,4,943.09,928.62,0.4731,3422.0,12,0.3292,545,0.8283,1
BRW_0776,66,Female,Single,3,586.12,0.0,0.0706,1514.0,12,0.3636,600,0.7048,1
BRW_0777,59,Female,Single,5,1417.53,335.38,0.5654,4815.0,12,0.3165,722,0.9506,1
BRW_0778,55,Male,Married,0,811.61,683.17,0.0779,1415.0,6,0.3189,522,0.9082,0
BRW_0779,35,Male,Divorced,0,507.47,0.0,0.2999,812.0,12,0.3506,443,0.9468,1
BRW_0780,62,Male,Single,3,1133.92,697.37,0.1506,3836.0,6,0.3553,636,0.9727,1
BRW_0781,52,Male,Single,0,1182.71,0.0,0.1179,3032.0,12,0.3378,591,0.8245,0
BRW_0782,47,Female,Single,5,596.15,148.7,0.3437,2378.0,6,0.3505,543,0.9687,1
BRW_0783,41,Female,Single,0,1208.12,0.0,0.0697,2106.0,12,0.3331,652,0.8571,0
BRW_0784,59,Female,Married,3,503.88,826.58,0.3862,1834.0,6,0.3715,667,0.8005,1
BRW_0785,47,Female,Married,2,720.41,3928.67,0.3466,1945.0,24,0.3568,423,0.7817,0
BRW_0786,31,Male,Married,2,885.1,662.68,0.3023,3158.0,12,0.341,547,0.9858,0
BRW_0787,23,Female,Married,1,984.75,408.63,0.1188,3489.0,6,0.3476,785,0.8118,0
BRW_0788,20,Female,Single,0,907.56,185.26,0.3836,3440.0,12,0.3073,646,0.9922,0
BRW_0789,33,Female,Single,3,563.22,0.0,0.042,1264.0,18,0.3106,654,0.814,0
BRW_0790,24,Male,Married,0,1149.23,0.0,0.2179,4453.0,3,0.3237,693,0.9377,0
BRW_0791,69,Female,Widowed,4,625.02,228.87,0.1634,1175.0,12,0.3399,601,0.8894,0
BRW_0792,31,Female,Divorced,5,500.44,0.0,0.2637,853.0,12,0.332,663,0.9696,0
BRW_0793,26,Female,Single,0,504.13,185.25,0.3265,1300.0,6,0.3592,657,0.874,0
BRW_0794,32,Male,Divorced,0,1754.6,656.25,0.1206,6265.0,18,0.2626,643,0.8705,0
BRW_0795,38,Female,Married,2,458.98,177.63,0.3982,1232.0,6,0.3336,574,0.8751,0
BRW_0796,52,Male,Married,5,1268.79,1838.91,0.1073,4534.0,6,0.3068,613,0.8402,0
BRW_0797,19,Male,Married,3,377.01,0.0,0.1221,1253.0,18,0.3143,552,0.801,0
BRW_0798,44,Female,Married,0,848.91,646.77,0.3525,1718.0,12,0.3608,601,0.9608,0
BRW_0799,19,Male,Married,2,771.66,251.06,0.2031,2988.0,18,0.3064,506,0.983,1
BRW_0800,52,Male,Single,1,1496.09,2038.54,0.2175,2471.0,12,0.2969,536,0.9645,0
BRW_0801,35,Male,Single,5,479.53,15.01,0.0889,1796.0,12,0.3617,577,0.9243,0
BRW_0802,31,Female,Single,2,417.66,0.0,0.3317,944.0,18,0.3586,524,0.9702,1
BRW_0803,37,Female,Married,2,627.5,360.93,0.2012,1726.0,3,0.3163,559,0.8824,0
BRW_0804,35,Male,Married,2,1529.05,621.3,0.1008,3908.0,12,0.3212,586,0.966,0
BRW_0805,27,Female,Married,0,427.49,235.12,0.3299,825.0,12,0.3511,632,0.8776,0
BRW_0806,42,Male,Single,0,182.33,160.58,0.0911,437.0,3,0.4,675,0.9274,0
BRW_0807,19,Male,Widowed,1,685.32,7.04,0.3323,1359.0,12,0.3446,562,0.8286,1
BRW_0808,42,Male,Divorced,4,1069.3,1755.56,0.0272,2149.0,3,0.3205,706,0.9298,0
BRW_0809,50,Female,Married,4,400.65,0.0,0.2066,788.0,12,0.3291,675,0.8147,0
BRW_0810,53,Female,Widowed,4,1016.34,341.51,0.5403,2767.0,12,0.3103,640,0.9175,0
BRW_0811,48,Male,Married,5,396.25,47.16,0.2339,1385.0,24,0.3299,612,0.9268,0
BRW_0812,31,Male,Widowed,5,618.14,286.26,0.0754,1806.0,6,0.3662,625,0.7416,0
BRW_0813,18,Female,Single,1,969.07,531.69,0.1862,3618.0,12,0.3271,694,0.942,0
BRW_0814,63,Male,Married,5,367.33,0.0,0.1203,1136.0,6,0.3587,697,0.8919,0
BRW_0815,33,Male,Single,4,728.33,661.47,0.2656,2348.0,12,0.3653,706,0.9783,0
BRW_0816,63,Female,Single,4,1221.07,533.63,0.1277,3870.0,12,0.271,603,0.8153,0
BRW_0817,69,Female,Single,2,843.0,2195.14,0.2498,2212.0,12,0.3567,644,0.7978,1
BRW_0818,20,Female,Married,5,463.91,339.39,0.3591,1495.0,18,0.3452,707,0.9179,0
BRW_0819,52,Female,Married,0,1421.35,1873.39,0.1933,2380.0,18,0.32,550,0.9511,0
BRW_0820,58,Female,Married,0,924.45,0.0,0.1246,3374.0,3,0.3117,574,0.922,0
BRW_0821,23,Male,Single,2,262.38,106.28,0.2037,904.0,6,0.3359,601,0.5877,1
BRW_0822,42,Female,Divorced,2,1024.67,336.71,0.3199,2165.0,12,0.3346,671,0.8538,0
BRW_0823,30,Female,Married,2,499.85,337.01,0.3331,1710.0,12,0.3906,673,0.9459,0
BRW_0824,51,Female,Married,0,733.83,1158.92,0.3301,1124.0,6,0.3549,581,0.9733,0
BRW_0825,25,Female,Married,4,1101.03,71.85,0.1778,2250.0,12,0.3476,479,0.9634,1
BRW_0826,38,Male,Single,2,505.32,30.46,0.1617,840.0,12,0.3388,619,0.9348,0
BRW_0827,51,Female,Married,1,292.13,0.0,0.376,1008.0,6,0.338,526,0.9468,0
BRW_0828,21,Female,Divorced,2,1412.01,270.36,0.2431,4786.0,18,0.296,480,0.909,1
BRW_0829,42,Male,Single,3,1190.69,1052.47,0.3153,4208.0,12,0.3094,498,0.8363,1
BRW_0830,32,Female,Married,2,636.75,398.76,0.4781,962.0,3,0.2971,626,0.8616,0
BRW_0831,21,Female,Divorced,0,1019.14,1458.69,0.1491,2806.0,3,0.3106,708,0.793,0
BRW_0832,62,Female,Married,5,552.97,59.12,0.4123,1804.0,18,0.3298,603,0.443,1
BRW_0833,29,Female,Single,2,698.19,77.65,0.045,1319.0,24,0.3326,616,0.7745,0
BRW_0834,49,Female,Single,5,618.85,402.88,0.3772,1934.0,12,0.3414,694,0.6381,0
BRW_0835,49,Female,Single,3,564.27,1320.76,0.3104,965.0,6,0.3479,476,0.8712,0
BRW_0836,45,Female,Married,1,796.04,341.43,0.2607,1555.0,24,0.3324,641,0.9204,0
BRW_0837,30,Male,Married,5,363.55,115.15,0.4293,978.0,12,0.3359,599,0.8657,1
BRW_0838,48,Female,Single,4,586.52,437.85,0.2924,1838.0,18,0.3006,645,0.8904,0
BRW_0839,31,Female,Widowed,2,778.4,1659.98,0.2067,1451.0,12,0.3218,561,0.8605,0
BRW_0840,37,Male,Married,3,1667.45,2419.22,0.1481,3273.0,6,0.2834,534,0.9134,0
BRW_0841,35,Female,Single,3,371.01,1602.78,0.0573,746.0,12,0.3566,611,0.749,0
BRW_0842,46,Male,Married,5,862.88,15.76,0.227,1809.0,6,0.3486,731,0.8293,1
BRW_0843,23,Female,Married,1,911.48,87.32,0.0243,1883.0,6,0.3475,668,0.9542,0
BRW_0844,49,Male,Single,0,260.25,195.76,0.3143,647.0,12,0.3662,559,0.8982,0
BRW_0845,46,Female,Single,2,816.7,1122.48,0.095,2560.0,18,0.3293,492,0.8696,0
BRW_0846,60,Female,Divorced,3,1032.92,277.5,0.3028,2681.0,12,0.3141,465,0.872,1
BRW_0847,19,Female,Married,1,892.77,195.27,0.1963,3071.0,12,0.3144,705,0.6586,0
BRW_0848,40,Male,Married,4,637.81,789.02,0.3722,2104.0,3,0.308,523,0.9168,0
BRW_0849,36,Female,Married,3,785.74,0.0,0.0613,1427.0,3,0.3529,573,0.7969,0
BRW_0850,48,Female,Single,1,724.09,267.08,0.1793,1175.0,6,0.3317,705,0.8673,0
BRW_0851,68,Female,Single,0,285.79,161.15,0.2486,1056.0,12,0.3253,470,0.8007,1
BRW_0852,22,Male,Married,0,732.64,481.65,0.166,1245.0,12,0.3184,719,0.9835,0
BRW_0853,36,Female,Single,3,553.61,577.62,0.1782,1036.0,3,0.3237,579,0.6951,0
BRW_0854,51,Male,Single,3,467.59,0.0,0.3045,727.0,24,0.3448,508,0.8279,1
BRW_0855,27,Female,Divorced,5,2304.19,0.0,0.1018,7076.0,6,0.3023,580,0.9519,1
BRW_0856,42,Female,Widowed,2,1244.27,876.35,0.1595,3678.0,18,0.3104,542,0.8469,0
BRW_0857,19,Female,Married,1,374.25,237.49,0.4092,1485.0,12,0.3021,635,0.8066,0
BRW_0858,28,Female,Divorced,3,791.02,647.37,0.2288,2940.0,6,0.3291,548,0.9294,0
BRW_0859,67,Female,Single,2,1378.86,0.0,0.0802,3485.0,12,0.3096,447,0.7949,1
BRW_0860,48,Female,Widowed,5,314.79,0.0,0.5339,765.0,12,0.3447,582,0.8085,1
BRW_0861,32,Male,Single,2,691.24,70.23,0.1754,1550.0,12,0.3238,491,0.8092,1
BRW_0862,26,Female,Widowed,3,707.71,144.01,0.207,1331.0,12,0.3401,616,0.718,1
BRW_0863,40,Female,Widowed,0,351.69,195.13,0.5002,649.0,3,0.3493,505,0.944,1
BRW_0864,36,Female,Married,1,804.14,0.0,0.0259,1472.0,12,0.3319,560,0.9385,0
BRW_0865,26,Female,Widowed,1,1162.26,1123.48,0.2026,2075.0,24,0.3284,614,0.9064,0
BRW_0866,52,Female,Married,0,1413.78,0.0,0.4775,2971.0,3,0.3029,583,0.7257,1
BRW_0867,38,Female,Single,3,587.17,0.0,0.0137,1331.0,6,0.3301,620,0.9511,0
BRW_0868,26,Female,Married,1,2323.48,963.99,0.064,8000.0,24,0.3079,654,0.9021,1
BRW_0869,45,Male,Married,3,237.7,95.15,0.2247,700.0,6,0.363,507,0.9675,0
BRW_0870,63,Male,Single,5,794.81,0.0,0.2378,3155.0,12,0.3493,594,0.8202,1
BRW_0871,68,Female,Married,3,328.28,16.59,0.1173,798.0,12,0.3733,333,0.8749,1
BRW_0872,24,Female,Widowed,2,695.82,497.56,0.3276,1840.0,12,0.3467,619,0.9454,0
BRW_0873,33,Male,Single,0,512.37,1856.73,0.1134,1184.0,12,0.361,575,0.9805,0
BRW_0874,33,Female,Married,3,857.0,125.13,0.106,1677.0,6,0.299,521,0.7125,0
BRW_0875,50,Female,Divorced,5,624.26,0.0,0.2756,1160.0,3,0.3427,625,0.997,0
BRW_0876,21,Female,Divorced,4,440.1,532.35,0.1724,1700.0,12,0.3413,693,0.9875,0
BRW_0877,21,Male,Widowed,0,454.8,105.93,0.1153,1804.0,12,0.378,561,0.899,0
BRW_0878,56,Male,Married,1,1748.0,2474.98,0.3487,2818.0,12,0.3186,524,0.8774,0
BRW_0879,57,Female,Widowed,2,830.28,808.48,0.1539,1557.0,12,0.3189,613,0.7544,0
BRW_0880,34,Female,Married,1,283.99,0.0,0.0823,727.0,6,0.3577,493,0.8972,0
BRW_0881,54,Female,Single,5,876.02,368.5,0.1524,1722.0,3,0.3333,547,0.7221,0
BRW_0882,56,Male,Married,5,603.45,0.0,0.2226,1454.0,18,0.3484,697,0.8417,1
BRW_0883,69,Female,Married,1,666.67,333.45,0.0422,1215.0,12,0.3168,604,0.8906,0
BRW_0884,46,Female,Single,0,1002.19,798.42,0.2705,2647.0,6,0.3328,449,0.9345,1
BRW_0885,69,Male,Married,1,1201.85,574.11,0.2101,2619.0,6,0.3142,456,0.8655,1
BRW_0886,53,Female,Married,3,432.94,72.4,0.1517,1030.0,3,0.3508,612,0.7144,0
BRW_0887,55,Male,Single,1,655.32,371.73,0.333,1137.0,6,0.323,668,0.9877,0
BRW_0888,56,Female,Married,2,506.21,304.54,0.1264,1301.0,18,0.3309,470,0.9028,0
BRW_0889,67,Female,Married,2,896.44,1193.28,0.245,3548.0,24,0.3527,635,0.8407,1
BRW_0890,54,Female,Married,4,592.2,0.0,0.1768,1375.0,18,0.3187,706,0.9165,0
BRW_0891,69,Male,Single,2,674.94,588.56,0.0221,2491.0,24,0.3173,751,0.9668,0
BRW_0892,52,Male,Single,1,581.06,0.0,0.4296,2096.0,24,0.339,626,0.9086,0
BRW_0893,24,Male,Married,2,630.77,643.47,0.05,2447.0,12,0.3229,640,0.7733,1
BRW_0894,44,Female,Divorced,0,1559.82,865.71,0.3973,5421.0,6,0.2888,429,0.9288,1
BRW_0895,45,Male,Single,2,2198.18,3948.38,0.4481,6922.0,12,0.2867,767,0.8931,0
BRW_0896,39,Female,Married,3,803.15,1621.8,0.2047,2925.0,6,0.3024,553,0.851,1
BRW_0897,31,Female,Single,0,632.71,0.0,0.2439,1069.0,6,0.3181,525,0.9664,0
BRW_0898,24,Male,Married,4,299.52,411.75,0.1065,796.0,6,0.3908,579,0.9258,0
BRW_0899,54,Female,Divorced,3,454.77,13.98,0.1671,1807.0,12,0.3536,720,0.8702,0
BRW_0900,39,Female,Married,1,624.3,228.52,0.1442,2138.0,6,0.3237,776,0.7036,0
BRW_0901,22,Female,Single,1,465.2,290.86,0.0337,1817.0,6,0.3524,610,0.8851,0
BRW_0902,19,Female,Married,1,490.32,62.87,0.3093,1691.0,12,0.3545,679,0.9534,0
BRW_0903,44,Female,Single,3,1462.2,1604.51,0.2568,5391.0,18,0.3298,603,0.7494,1
BRW_0904,38,Female,Married,3,674.79,0.0,0.1717,2204.0,12,0.3343,516,0.8006,0
BRW_0905,55,Female,Married,3,705.64,0.0,0.1455,2400.0,18,0.3553,718,0.923,0
BRW_0906,32,Male,Single,0,474.81,330.24,0.2291,1333.0,6,0.303,550,0.9651,0
BRW_0907,38,Male,Single,5,1198.44,1201.43,0.3063,4567.0,6,0.2978,722,0.5999,0
BRW_0908,27,Female,Married,0,598.07,1188.78,0.3399,2131.0,12,0.3428,703,0.6363,1
BRW_0909,40,Female,Divorced,1,512.64,501.35,0.3883,1850.0,12,0.349,649,0.9539,0
BRW_0910,56,Female,Widowed,5,301.76,268.95,0.0718,960.0,12,0.3314,746,0.7174,0
BRW_0911,22,Female,Single,2,645.13,258.79,0.3273,1459.0,12,0.3431,778,0.9155,0
BRW_0912,18,Female,Married,1,504.7,0.0,0.1607,802.0,12,0.3302,585,0.6965,1
BRW_0913,30,Male,Married,4,1544.24,0.0,0.3772,5929.0,24,0.3015,535,0.9392,1
BRW_0914,38,Female,Married,0,1672.29,1023.12,0.1253,4959.0,6,0.3232,450,0.9287,0
BRW_0915,43,Female,Married,3,358.65,322.59,0.0814,805.0,6,0.3659,779,0.895,0
BRW_0916,67,Female,Divorced,0,379.53,164.06,0.116,711.0,12,0.327,564,0.8882,0
BRW_0917,62,Female,Widowed,3,579.31,607.97,0.3506,2070.0,6,0.319,690,0.7939,1
BRW_0918,38,Male,Married,5,442.3,261.08,0.0913,1588.0,6,0.3366,540,0.7323,0
BRW_0919,35,Male,Married,4,741.52,45.72,0.0385,2622.0,6,0.334,723,0.9141,0
BRW_0920,54,Female,Married,5,564.92,0.0,0.4277,1758.0,6,0.3275,543,0.8312,1
BRW_0921,62,Male,Single,4,765.3,1121.97,0.0964,1848.0,6,0.3546,504,0.8478,1
BRW_0922,49,Female,Married,0,1105.49,1141.46,0.3712,2499.0,3,0.329,583,0.9603,0
BRW_0923,53,Male,Married,3,390.68,703.7,0.3835,594.0,12,0.3547,557,0.7601,0
BRW_0924,34,Male,Married,5,1094.01,109.45,0.0734,3921.0,12,0.2972,647,0.8198,1
BRW_0925,52,Female,Single,4,462.05,1710.57,0.2423,794.0,12,0.3675,595,0.9407,0
BRW_0926,66,Female,Single,1,1947.38,366.06,0.1948,5992.0,12,0.2368,650,0.9375,0
BRW_0927,28,Female,Divorced,1,1495.91,14.18,0.1789,4129.0,6,0.3254,576,0.9203,0
BRW_0928,38,Female,Single,5,628.58,2997.63,0.6331,1771.0,6,0.3571,546,0.9422,0
BRW_0929,69,Male,Married,3,410.84,108.46,0.3548,1568.0,6,0.3373,553,0.8594,0
BRW_0930,43,Female,Single,5,373.37,329.37,0.1387,590.0,18,0.3727,763,0.9297,0
BRW_0931,21,Female,Single,0,1029.49,160.12,0.4375,3535.0,12,0.3234,618,0.6392,1
BRW_0932,51,Male,Single,4,655.11,0.0,0.3102,1068.0,6,0.3388,441,0.8727,1
BRW_0933,69,Male,Single,0,1057.26,1982.38,0.2463,1687.0,6,0.3305,558,0.8616,0
BRW_0934,65,Female,Divorced,1,2002.43,0.0,0.0058,5155.0,24,0.3551,607,0.6778,1
BRW_0935,35,Female,Single,4,452.51,401.62,0.1106,750.0,12,0.3714,747,0.9842,0
BRW_0936,57,Female,Widowed,5,359.58,59.87,0.1945,1249.0,18,0.3617,682,0.9139,0
BRW_0937,52,Female,Married,0,732.37,574.34,0.1252,2068.0,6,0.3166,526,0.9939,0
BRW_0938,58,Male,Married,2,1178.95,386.84,0.0712,1854.0,6,0.3225,793,0.8905,0
BRW_0939,46,Female,Married,3,415.62,78.89,0.3115,666.0,12,0.3295,597,0.9654,1
BRW_0940,69,Female,Married,3,676.76,0.0,0.1447,2052.0,12,0.3532,699,0.9324,0
BRW_0941,46,Female,Married,2,1319.52,208.0,0.4706,4638.0,12,0.3176,507,0.7609,1
BRW_0942,55,Female,Single,1,293.99,546.1,0.2096,763.0,12,0.3274,408,0.7891,0
BRW_0943,59,Male,Married,4,748.19,302.96,0.1794,2160.0,12,0.336,487,0.8753,1
BRW_0944,38,Male,Divorced,3,507.73,0.0,0.2808,1777.0,12,0.3256,339,0.8141,1
BRW_0945,59,Female,Divorced,2,707.74,336.85,0.233,2142.0,6,0.3388,768,0.8649,0
BRW_0946,30,Female,Divorced,5,948.51,293.24,0.5049,1956.0,6,0.3103,617,0.9575,1
BRW_0947,66,Female,Married,2,742.78,810.65,0.1628,2253.0,18,0.3351,526,0.9294,0
BRW_0948,58,Male,Married,1,401.37,1139.27,0.1728,1232.0,6,0.3612,636,0.9157,0
BRW_0949,34,Male,Married,1,517.69,238.68,0.2085,1727.0,12,0.3412,615,0.7998,0
BRW_0950,26,Female,Married,0,1357.36,2143.02,0.2841,4143.0,12,0.3056,649,0.9197,0
BRW_0951,58,Male,Single,3,784.05,523.37,0.1491,3076.0,24,0.3372,696,0.7797,0
BRW_0952,18,Male,Married,0,1012.48,0.0,0.1857,2018.0,12,0.3392,576,0.9077,0
BRW_0953,19,Female,Single,2,753.82,707.5,0.2949,2923.0,12,0.312,529,0.7632,0
BRW_0954,65,Male,Married,4,996.81,574.47,0.0913,2837.0,18,0.331,666,0.9473,0
BRW_0955,46,Female,Divorced,4,545.62,0.0,0.3965,1735.0,18,0.3676,664,0.9146,0
BRW_0956,50,Female,Single,1,453.16,799.17,0.2234,792.0,12,0.3559,608,0.7193,1
BRW_0957,27,Female,Single,4,974.43,452.6,0.0859,2389.0,12,0.3277,774,0.7048,0
BRW_0958,67,Female,Single,4,1168.75,2163.99,0.161,4001.0,6,0.3327,564,0.9796,0
BRW_0959,57,Female,Divorced,4,421.1,467.92,0.3136,1376.0,12,0.3546,528,0.9365,1
BRW_0960,38,Male,Married,2,498.71,267.55,0.0917,798.0,18,0.358,633,0.9564,0
BRW_0961,45,Female,Married,4,613.01,453.32,0.214,1757.0,18,0.2985,546,0.918,1
BRW_0962,28,Male,Divorced,5,1495.05,471.12,0.0787,2573.0,6,0.2777,639,0.8142,0
BRW_0963,51,Female,Divorced,4,881.45,2898.43,0.0399,3517.0,12,0.3499,533,0.8406,0
BRW_0964,25,Female,Married,4,343.08,302.09,0.1806,1284.0,12,0.3181,567,0.898,0
BRW_0965,39,Female,Married,0,634.93,22.77,0.0578,986.0,24,0.3463,751,0.8033,0
BRW_0966,25,Female,Married,2,588.2,186.08,0.3228,2145.0,12,0.3328,567,0.9696,0
BRW_0967,66,Male,Married,1,369.95,0.0,0.0684,1405.0,12,0.3274,536,0.8088,0
BRW_0968,32,Female,Single,0,631.19,0.0,0.4221,1505.0,3,0.3454,693,0.9067,0
BRW_0969,34,Female,Divorced,3,575.35,11.13,0.459,1898.0,12,0.3443,515,0.7856,1
BRW_0970,40,Female,Married,2,555.12,265.52,0.0909,1446.0,3,0.3832,544,0.8138,0
BRW_0971,41,Male,Single,5,542.57,0.0,0.0852,1703.0,18,0.3289,646,0.8445,1
BRW_0972,62,Male,Married,2,1388.11,640.51,0.2194,3263.0,12,0.3412,675,0.987,1
BRW_0973,36,Male,Single,3,554.55,0.0,0.2635,1279.0,12,0.348,697,0.7734,0
BRW_0974,22,Female,Single,3,681.87,98.18,0.1575,1746.0,12,0.3234,540,0.9816,0
BRW_0975,49,Female,Married,3,645.88,603.73,0.3491,1204.0,18,0.3538,647,0.6484,1
BRW_0976,61,Female,Single,1,516.72,298.76,0.0969,1849.0,6,0.3536,562,0.9266,0
BRW_0977,18,Female,Married,4,692.12,123.66,0.1252,1642.0,6,0.337,551,0.7394,1
BRW_0978,40,Female,Married,2,687.23,0.0,0.355,1718.0,24,0.3418,696,0.5169,1
BRW_0979,54,Female,Single,4,692.2,496.18,0.1129,2585.0,18,0.3243,556,0.5532,1
BRW_0980,25,Female,Widowed,4,432.85,25.96,0.2356,1187.0,18,0.3286,622,0.656,0
BRW_0981,30,Female,Single,5,600.0,76.57,0.1429,1716.0,6,0.3546,612,0.847,0
BRW_0982,25,Male,Married,3,972.78,59.2,0.2067,3785.0,6,0.3222,514,0.8381,1
BRW_0983,40,Female,Married,1,607.95,813.68,0.5934,2260.0,3,0.3376,677,0.7117,1
BRW_0984,60,Female,Single,5,721.18,805.4,0.133,1387.0,6,0.3409,644,0.8013,0
BRW_0985,18,Male,Single,0,723.08,0.0,0.3168,1940.0,12,0.3405,441,0.8127,1
BRW_0986,62,Female,Married,1,819.5,826.01,0.1535,3219.0,6,0.3033,622,0.938,0
BRW_0987,68,Male,Widowed,4,879.48,778.73,0.4522,2138.0,12,0.3556,538,0.9533,0
BRW_0988,41,Female,Single,1,609.67,0.0,0.1643,1481.0,6,0.3415,687,0.8361,0
BRW_0989,52,Female,Married,3,421.72,346.82,0.3153,838.0,6,0.3415,484,0.9177,0
BRW_0990,41,Male,Married,0,361.64,11.32,0.0591,646.0,24,0.3562,571,0.7038,0
BRW_0991,34,Male,Divorced,3,1106.37,859.82,0.1763,3707.0,6,0.3268,628,0.6993,0
BRW_0992,22,Male,Married,0,977.62,1176.68,0.3545,3348.0,6,0.3418,604,0.6579,0
BRW_0993,37,Female,Married,5,920.28,510.84,0.4289,3610.0,6,0.3392,661,0.7666,1
BRW_0994,38,Female,Married,4,997.85,353.17,0.2057,3426.0,6,0.3401,478,0.992,1
BRW_0995,57,Female,Married,0,613.53,0.0,0.2232,1294.0,12,0.366,732,0.7292,0
BRW_0996,48,Female,Divorced,0,486.66,400.8,0.2097,779.0,6,0.361,642,0.8609,0
BRW_0997,63,Male,Single,0,407.4,0.0,0.3482,1615.0,12,0.3428,708,0.8527,0
BRW_0998,53,Female,Married,1,385.8,632.0,0.2556,907.0,18,0.3243,669,0.9936,0
BRW_0999,28,Male,Divorced,5,1219.36,408.79,0.2089,2780.0,12,0.3515,599,0.9826,0
BRW_1000,69,Female,Divorced,1,519.79,610.73,0.2277,1957.0,3,0.3374,497,0.9759,0
BRW_1001,32,Female,Widowed,4,1127.13,743.06,0.265,3339.0,12,0.3119,554,0.758,1
BRW_1002,36,Female,Married,0,605.8,1039.16,0.1833,1234.0,3,0.3045,727,0.8701,0
BRW_1003,24,Male,Married,5,474.32,284.74,0.1185,1766.0,12,0.3505,710,0.6533,1
BRW_1004,68,Male,Married,5,384.84,224.45,0.2607,1533.0,12,0.3498,550,0.767,1
BRW_1005,45,Male,Married,2,495.68,342.0,0.3253,851.0,6,0.3127,374,0.8195,1
BRW_1006,68,Male,Single,4,1351.7,1496.13,0.1925,4941.0,18,0.3227,582,0.91,0
BRW_1007,60,Male,Married,5,386.8,0.0,0.0673,958.0,24,0.3368,576,0.9035,1
BRW_1008,22,Male,Married,0,1916.73,117.17,0.3257,5386.0,18,0.3481,580,0.9614,1
BRW_1009,22,Female,Single,0,436.9,0.0,0.2366,1655.0,6,0.3336,642,0.9764,0
BRW_1010,47,Female,Married,5,967.75,2147.16,0.1889,3807.0,12,0.3181,670,0.7817,1
BRW_1011,49,Female,Married,1,618.55,373.48,0.3175,1333.0,24,0.3213,679,0.8695,0
BRW_1012,25,Male,Widowed,4,566.64,432.58,0.1058,1151.0,6,0.3661,635,0.8299,0
BRW_1013,27,Male,Single,0,352.23,0.0,0.3227,599.0,18,0.3405,455,0.8629,0
BRW_1014,55,Female,Single,5,633.21,0.0,0.1087,1839.0,3,0.3238,572,0.8423,0
BRW_1015,64,Male,Married,0,372.73,435.77,0.1077,572.0,3,0.3614,784,0.8534,0
BRW_1016,49,Male,Single,5,286.92,315.67,0.0124,726.0,12,0.3226,629,0.6225,1
BRW_1017,65,Female,Married,4,706.13,211.01,0.1124,1189.0,12,0.3483,629,0.5655,1
BRW_1018,45,Female,Married,5,484.1,141.6,0.2398,1217.0,12,0.379,628,0.9268,1
BRW_1019,34,Male,Single,2,1544.07,2247.15,0.1123,2470.0,24,0.3184,633,0.708,0
BRW_1020,48,Female,Married,5,1096.65,65.89,0.3637,3935.0,6,0.3352,409,0.8341,1
BRW_1021,25,Male,Married,5,1554.2,2647.75,0.0967,3146.0,6,0.3241,580,0.9502,0
BRW_1022,57,Female,Married,4,473.22,112.29,0.1875,1098.0,24,0.378,596,0.8969,0
BRW_1023,42,Male,Divorced,5,711.99,0.0,0.2783,2617.0,6,0.3598,702,0.7019,1
BRW_1024,26,Male,Divorced,4,179.41,394.53,0.2739,604.0,12,0.3626,603,0.7468,1
BRW_1025,19,Male,Married,2,577.73,0.0,0.4202,1183.0,12,0.3583,468,0.4837,1
BRW_1026,32,Female,Married,4,698.72,299.15,0.1863,1174.0,3,0.3183,634,0.9863,1
BRW_1027,67,Male,Married,0,718.4,0.0,0.4941,2363.0,6,0.3509,535,0.8264,1
BRW_1028,20,Male,Divorced,4,651.2,0.0,0.1643,1613.0,12,0.3176,502,0.9575,0
BRW_1029,66,Female,Married,2,687.66,178.63,0.1053,2348.0,18,0.3291,533,0.8061,0
BRW_1030,53,Male,Married,3,171.29,0.0,0.2534,448.0,12,0.2925,643,0.9791,0
BRW_1031,21,Female,Divorced,5,756.05,0.0,0.1476,1788.0,12,0.3421,700,0.9618,0
BRW_1032,31,Female,Single,4,847.02,701.23,0.1626,2226.0,12,0.3181,638,0.8599,0
BRW_1033,58,Female,Divorced,5,1298.56,0.0,0.2671,4378.0,6,0.3377,650,0.8729,0
BRW_1034,58,Female,Single,1,799.81,0.0,0.1051,3004.0,6,0.3404,637,0.9183,0
BRW_1035,42,Female,Married,0,623.05,15.73,0.0506,1012.0,12,0.3611,608,0.5846,1
BRW_1036,67,Male,Married,0,1155.71,746.91,0.103,3248.0,3,0.2987,655,0.6025,0
BRW_1037,27,Female,Widowed,1,204.66,235.05,0.519,324.0,6,0.3738,406,0.9265,1
BRW_1038,38,Male,Divorced,1,514.16,317.07,0.2558,1373.0,12,0.3845,608,0.8732,1
BRW_1039,53,Female,Married,4,453.55,666.72,0.1214,1684.0,12,0.3597,516,0.6099,1
BRW_1040,29,Female,Married,1,653.76,0.0,0.2806,1572.0,3,0.3534,693,0.8355,0
BRW_1041,44,Female,Married,3,221.55,80.98,0.3382,849.0,12,0.3558,588,0.838,1
BRW_1042,57,Male,Divorced,5,1286.68,278.53,0.0736,3958.0,12,0.3054,602,0.8762,0
BRW_1043,19,Female,Married,5,587.04,278.44,0.3083,2252.0,3,0.3551,479,0.74,1
BRW_1044,30,Male,Married,2,780.08,46.89,0.2586,2647.0,24,0.3031,681,0.7386,0
BRW_1045,49,Male,Single,1,743.63,0.0,0.2711,1308.0,3,0.3261,650,0.9909,0
BRW_1046,48,Male,Married,1,1250.43,252.73,0.1303,2598.0,18,0.2817,644,0.9771,0
BRW_1047,33,Female,Married,3,262.18,535.9,0.1427,652.0,3,0.3369,534,0.9463,0
BRW_1048,49,Female,Married,0,703.57,312.35,0.3879,1355.0,18,0.3487,538,0.9332,0
BRW_1049,49,Male,Single,0,1179.79,0.0,0.2056,3229.0,3,0.3297,617,0.9047,0
BRW_1050,51,Female,Divorced,5,633.34,0.0,0.1904,1696.0,12,0.3393,544,0.7932,1
BRW_1051,28,Male,Single,5,413.38,0.0,0.1766,1608.0,6,0.3492,634,0.7553,0
BRW_1052,27,Female,Married,4,491.79,2.11,0.3773,1271.0,12,0.3054,427,0.8685,1
BRW_1053,32,Male,Widowed,3,546.5,0.0,0.2627,1893.0,12,0.3338,560,0.9269,0
BRW_1054,34,Male,Married,2,463.81,0.0,0.2063,1788.0,3,0.3305,743,0.9668,0
BRW_1055,57,Male,Single,2,616.21,74.19,0.1438,2275.0,12,0.3257,635,0.7445,0
BRW_1056,35,Female,Married,3,1413.92,0.0,0.0197,2858.0,3,0.3235,613,0.5555,1
BRW_1057,26,Male,Divorced,2,493.4,218.14,0.2004,1352.0,24,0.3259,758,0.6165,0
BRW_1058,42,Female,Married,0,521.22,1131.36,0.0529,1235.0,3,0.33,413,0.6944,1
BRW_1059,57,Female,Widowed,2,837.06,523.48,0.2152,2092.0,12,0.2896,534,0.558,1
BRW_1060,31,Male,Single,2,609.47,365.5,0.0725,1464.0,12,0.3332,567,0.9602,0
BRW_1061,42,Male,Married,3,342.2,41.65,0.1748,1220.0,6,0.3265,668,0.926,0
BRW_1062,67,Male,Married,3,645.1,0.41,0.2084,1697.0,6,0.3395,670,0.7465,0
BRW_1063,39,Male,Divorced,2,633.05,0.0,0.4565,1778.0,12,0.3193,530,0.9865,1
BRW_1064,69,Female,Single,1,1083.38,0.0,0.2883,4286.0,12,0.3249,679,0.7744,0
BRW_1065,47,Female,Divorced,3,409.09,328.81,0.2903,675.0,24,0.3431,567,0.9717,0
BRW_1066,37,Male,Married,4,1086.98,2139.7,0.1737,2956.0,6,0.3562,696,0.604,0
BRW_1067,38,Female,Married,4,633.39,118.58,0.2354,2176.0,12,0.3482,517,0.7393,1
BRW_1068,61,Female,Single,0,382.23,334.66,0.2131,718.0,6,0.3101,590,0.9533,0
BRW_1069,49,Female,Divorced,2,345.71,22.67,0.0714,1047.0,6,0.3228,560,0.7783,0
BRW_1070,68,Female,Single,1,1749.69,0.0,0.1912,3672.0,12,0.3011,684,0.8199,0
BRW_1071,63,Female,Married,0,614.03,87.95,0.1686,2253.0,6,0.3204,558,0.8821,0
BRW_1072,66,Female,Single,2,1062.36,1131.74,0.1731,2462.0,12,0.2642,596,0.7752,0
BRW_1073,38,Female,Divorced,3,283.14,81.19,0.4378,658.0,12,0.3773,640,0.9446,0
BRW_1074,52,Female,Married,4,2487.04,1238.52,0.303,7450.0,12,0.2891,643,0.9242,1
BRW_1075,49,Male,Married,5,1039.63,0.0,0.4667,2037.0,24,0.3348,670,0.9468,1
BRW_1076,47,Female,Single,1,585.39,87.98,0.342,1295.0,12,0.3278,616,0.9062,0
BRW_1077,56,Female,Married,5,570.73,617.94,0.2525,1451.0,12,0.349,566,0.6594,1
BRW_1078,66,Male,Married,4,960.35,0.0,0.1896,2290.0,12,0.313,572,0.7874,0
BRW_1079,29,Female,Divorced,5,933.17,810.6,0.0748,2624.0,12,0.3321,602,0.8362,0
BRW_1080,58,Male,Divorced,3,728.7,100.45,0.1898,2185.0,3,0.3166,619,0.8327,1
BRW_1081,64,Male,Single,2,668.77,623.36,0.1905,1951.0,3,0.3674,588,0.9351,0
BRW_1082,35,Female,Married,3,880.54,96.64,0.311,2761.0,3,0.2984,601,0.8836,0
BRW_1083,38,Female,Single,5,278.42,0.0,0.2198,632.0,12,0.3751,478,0.9434,0
BRW_1084,30,Male,Married,3,552.45,125.5,0.06,1003.0,18,0.3418,653,0.7665,0
BRW_1085,38,Male,Single,4,291.95,322.27,0.4195,993.0,6,0.3402,614,0.9391,0
BRW_1086,25,Female,Married,1,899.91,218.76,0.0141,3264.0,6,0.3325,680,0.7887,0
BRW_1087,63,Male,Married,3,474.42,0.0,0.3418,1016.0,24,0.3584,600,0.9313,0
BRW_1088,57,Female,Married,4,303.14,539.34,0.1568,763.0,18,0.3769,460,0.7763,0
BRW_1089,63,Male,Married,1,447.25,78.25,0.4409,1228.0,12,0.3509,571,0.9182,0
BRW_1090,24,Female,Married,2,716.71,0.0,0.148,2031.0,6,0.3176,584,0.9185,0
BRW_1091,40,Male,Married,5,600.27,44.09,0.1581,1890.0,6,0.3405,659,0.9082,0
BRW_1092,61,Male,Single,2,369.97,0.0,0.1546,593.0,3,0.3837,434,0.8752,1
BRW_1093,49,Male,Married,0,283.6,283.46,0.0852,937.0,6,0.3772,603,0.9275,0
BRW_1094,28,Female,Single,4,690.19,0.0,0.273,1142.0,6,0.3545,641,0.8657,0
BRW_1095,39,Female,Married,1,497.51,390.06,0.1821,1329.0,12,0.3589,547,0.8936,0
BRW_1096,39,Female,Married,3,584.62,155.29,0.1338,2087.0,3,0.3539,605,0.8444,0
BRW_1097,60,Female,Married,2,614.1,233.29,0.2859,1614.0,6,0.3621,549,0.4719,1
BRW_1098,42,Female,Single,1,824.71,71.68,0.3681,1544.0,6,0.3226,541,0.5498,1
BRW_1099,39,Male,Married,4,1015.84,1031.67,0.1639,4025.0,12,0.2981,567,0.837,1
BRW_1100,45,Female,Divorced,0,715.7,401.34,0.0961,2665.0,12,0.3368,543,0.7124,1
BRW_1101,46,Female,Married,2,566.67,0.0,0.1478,1943.0,12,0.3242,654,0.9764,0
BRW_1102,30,Male,Married,5,673.43,0.0,0.2234,1703.0,6,0.3158,541,0.8765,0
BRW_1103,35,Male,Married,1,561.37,176.14,0.1192,1100.0,6,0.3263,527,0.765,1
BRW_1104,19,Male,Single,5,292.58,0.0,0.2039,1127.0,3,0.3997,741,0.9802,0
BRW_1105,46,Male,Married,1,1148.23,23.96,0.3662,3250.0,6,0.3234,676,0.9652,0
BRW_1106,38,Female,Married,1,1044.94,348.68,0.2984,3794.0,18,0.3314,451,0.9153,0
BRW_1107,32,Female,Single,4,1797.53,2338.37,0.1935,4234.0,24,0.2739,538,0.5856,1
BRW_1108,69,Male,Single,4,2080.26,3787.62,0.1555,4864.0,12,0.2518,619,0.8268,0
BRW_1109,44,Male,Single,4,369.44,215.83,0.1803,1464.0,24,0.331,625,0.8698,0
BRW_1110,67,Female,Married,3,562.45,273.53,0.2198,1577.0,12,0.3695,480,0.8978,1
BRW_1111,48,Male,Widowed,1,2335.01,58.49,0.1437,4324.0,3,0.2866,692,0.9393,0
BRW_1112,32,Female,Single,2,651.79,1102.13,0.1164,1336.0,24,0.3496,666,0.9662,0
BRW_1113,68,Female,Married,5,751.53,0.0,0.1198,2033.0,3,0.349,638,0.9979,0
BRW_1114,40,Female,Single,4,310.89,720.24,0.2491,499.0,12,0.3375,708,0.9543,0
BRW_1115,41,Female,Widowed,4,717.05,385.38,0.1438,1905.0,6,0.3632,636,0.8916,0
BRW_1116,61,Female,Single,5,1747.55,585.01,0.3796,4452.0,6,0.2874,635,0.8585,1
BRW_1117,30,Female,Married,5,1265.61,0.0,0.1885,4364.0,12,0.3447,724,0.9736,0
BRW_1118,39,Male,Married,1,490.3,0.0,0.3017,1171.0,12,0.352,688,0.934,0
BRW_1119,60,Female,Married,4,545.58,380.12,0.164,2159.0,6,0.3055,532,0.8243,0
BRW_1120,54,Female,Married,5,377.87,240.67,0.311,738.0,6,0.3321,650,0.8166,0
BRW_1121,50,Male,Married,3,434.6,86.08,0.2008,1294.0,6,0.3094,546,0.9167,0
BRW_1122,20,Male,Married,3,255.93,114.69,0.0762,441.0,24,0.3745,640,0.7858,1
BRW_1123,36,Male,Single,4,637.52,538.74,0.094,2126.0,12,0.3376,638,0.838,0
BRW_1124,40,Male,Single,5,1415.24,1470.45,0.2218,5642.0,12,0.2669,489,0.9209,1
BRW_1125,46,Male,Married,1,794.5,0.46,0.1374,2819.0,6,0.3403,590,0.9066,0
BRW_1126,47,Female,Single,1,1317.01,0.0,0.041,3805.0,18,0.3041,621,0.9158,0
BRW_1127,56,Female,Single,1,1137.54,163.58,0.1907,3085.0,6,0.2913,565,0.9712,1
BRW_1128,61,Female,Married,0,506.03,107.69,0.5886,1815.0,6,0.3762,625,0.8182,1
BRW_1129,64,Female,Widowed,4,454.98,111.31,0.2758,1747.0,6,0.3465,664,0.9167,0
BRW_1130,42,Female,Married,1,463.78,14.3,0.1018,1843.0,18,0.3382,597,0.9203,0
BRW_1131,54,Male,Single,3,281.88,29.61,0.3689,702.0,6,0.3423,617,0.7147,1
BRW_1132,64,Female,Single,5,675.98,2322.13,0.377,2689.0,6,0.3066,710,0.707,1
BRW_1133,25,Female,Widowed,2,155.67,47.16,0.2236,294.0,12,0.3286,637,0.9055,0
BRW_1134,59,Female,Single,2,894.0,87.62,0.2177,1908.0,6,0.355,616,0.8125,0
BRW_1135,33,Male,Single,1,689.48,0.0,0.0877,1188.0,12,0.3269,523,0.743,0
BRW_1136,25,Female,Married,2,841.95,0.0,0.1097,1835.0,12,0.3316,653,0.8589,0
BRW_1137,18,Male,Married,2,1128.35,1740.41,0.3281,3859.0,12,0.2804,626,0.8877,0
BRW_1138,61,Female,Married,0,734.65,174.55,0.2233,2668.0,6,0.3085,702,0.9126,0
BRW_1139,22,Female,Single,3,1503.85,25.42,0.3703,5184.0,6,0.3206,603,0.7404,1
BRW_1140,20,Female,Single,3,907.75,183.32,0.0545,2794.0,18,0.3364,454,0.8229,1
BRW_1141,18,Male,Widowed,0,455.52,21.2,0.2545,1269.0,18,0.3794,463,0.7041,1
BRW_1142,21,Female,Single,0,590.6,0.0,0.1142,1932.0,6,0.3666,658,0.6641,0
BRW_1143,57,Male,Married,2,214.72,0.0,0.3398,532.0,6,0.348,554,0.7986,1
BRW_1144,52,Female,Married,4,423.65,0.0,0.15,1527.0,3,0.3549,634,0.8137,0
BRW_1145,49,Female,Married,5,549.77,319.11,0.0227,1755.0,12,0.3348,609,0.8331,0
BRW_1146,59,Male,Married,5,874.05,0.0,0.2516,2836.0,12,0.3711,586,0.6884,1
BRW_1147,51,Male,Single,2,457.06,1032.01,0.2625,1298.0,6,0.3673,592,0.7296,0
BRW_1148,60,Male,Married,5,356.69,674.53,0.5228,1324.0,12,0.3512,530,0.7764,1
BRW_1149,42,Male,Divorced,0,258.85,173.24,0.2405,551.0,12,0.3551,598,0.6274,1
BRW_1150,27,Male,Divorced,3,493.63,0.0,0.0382,1211.0,24,0.372,553,0.8962,0
BRW_1151,38,Male,Single,5,1764.15,677.27,0.3797,6076.0,3,0.3111,570,0.9258,1
BRW_1152,63,Male,Single,2,761.7,323.43,0.1696,2081.0,6,0.3651,574,0.5939,1
BRW_1153,56,Male,Divorced,4,1064.0,1106.91,0.1249,3961.0,3,0.2796,581,0.8304,1
BRW_1154,44,Male,Married,2,424.1,203.85,0.3004,1003.0,18,0.3547,673,0.9314,0
BRW_1155,44,Male,Divorced,1,302.86,0.0,0.2028,734.0,12,0.3393,589,0.9702,0
BRW_1156,19,Male,Single,2,361.21,833.41,0.1557,1344.0,12,0.3827,681,0.7975,0
BRW_1157,58,Female,Married,0,633.61,207.52,0.1464,1686.0,3,0.3692,723,0.6817,0
BRW_1158,65,Male,Married,3,245.41,161.49,0.1002,685.0,6,0.3522,668,0.9364,0
BRW_1159,30,Male,Married,3,402.1,32.13,0.4229,938.0,6,0.3769,642,0.7295,1
BRW_1160,26,Female,Married,5,496.12,88.8,0.142,1087.0,12,0.3787,626,0.8478,1
BRW_1161,69,Male,Single,0,343.62,0.0,0.3704,1079.0,6,0.3497,669,0.978,0
BRW_1162,53,Female,Married,1,230.02,42.49,0.401,414.0,3,0.4,607,0.6235,1
BRW_1163,39,Female,Single,0,768.8,1286.67,0.2668,2843.0,12,0.333,678,0.8191,0
BRW_1164,59,Male,Married,2,680.57,93.82,0.1216,2347.0,6,0.3324,649,0.8182,1
BRW_1165,43,Female,Widowed,0,981.93,477.75,0.1468,1941.0,12,0.3437,571,0.9924,0
BRW_1166,29,Male,Married,0,381.76,284.23,0.3509,1235.0,6,0.3398,671,0.9013,0
BRW_1167,34,Male,Divorced,1,972.59,915.96,0.0479,2924.0,18,0.3284,607,0.929,0
BRW_1168,31,Female,Single,2,1428.89,0.0,0.0322,2803.0,12,0.3392,591,0.9562,0
BRW_1169,31,Female,Married,4,758.32,1233.52,0.1012,1655.0,24,0.3344,561,0.9645,0
BRW_1170,51,Female,Widowed,4,490.31,329.52,0.3379,1237.0,12,0.3093,613,0.8457,1
BRW_1171,37,Male,Single,3,715.18,331.24,0.5113,2323.0,24,0.3428,679,0.9717,0
BRW_1172,28,Male,Single,5,478.72,26.66,0.2621,1483.0,18,0.3297,671,0.9049,0
BRW_1173,33,Male,Married,0,440.48,220.21,0.4272,1247.0,12,0.3622,628,0.7404,1
BRW_1174,68,Female,Single,3,936.01,1287.12,0.2532,3202.0,24,0.3418,647,0.9825,0
BRW_1175,48,Male,Married,1,620.47,473.21,0.3801,2106.0,6,0.3682,701,0.9346,0
BRW_1176,23,Female,Divorced,4,1215.06,1734.87,0.1713,3699.0,6,0.3365,588,0.9784,1
BRW_1177,36,Male,Married,0,533.14,290.56,0.2872,1849.0,3,0.3635,510,0.923,0
BRW_1178,54,Female,Single,1,560.83,56.57,0.3201,1310.0,12,0.3274,704,0.991,0
BRW_1179,21,Male,Married,5,501.07,5.51,0.1418,1856.0,12,0.3589,557,0.9291,0
BRW_1180,64,Female,Married,1,379.9,0.0,0.1001,1154.0,12,0.3863,544,0.9959,0
BRW_1181,21,Male,Single,0,999.46,957.32,0.2242,3554.0,6,0.312,456,0.8937,0
BRW_1182,37,Female,Married,5,1983.97,2478.99,0.056,5685.0,12,0.328,645,0.9637,0
BRW_1183,27,Male,Married,1,549.43,0.0,0.2002,1124.0,6,0.3302,470,0.8317,0
BRW_1184,41,Male,Married,5,473.31,0.0,0.3387,1352.0,12,0.3267,539,0.9312,0
BRW_1185,52,Female,Single,0,458.21,200.39,0.4846,1112.0,6,0.3502,647,0.877,0
BRW_1186,43,Male,Married,0,473.49,200.2,0.1214,1536.0,24,0.3581,657,0.938,0
BRW_1187,54,Male,Single,5,1517.61,319.45,0.3566,4082.0,6,0.3262,547,0.8667,0
BRW_1188,55,Female,Single,2,464.41,0.0,0.048,1667.0,6,0.3248,589,0.9495,0
BRW_1189,38,Female,Divorced,3,496.39,86.97,0.4996,1586.0,18,0.3517,530,0.9566,0
BRW_1190,57,Male,Married,1,357.75,16.29,0.1242,1149.0,12,0.334,556,0.8528,0
BRW_1191,56,Female,Single,1,770.33,136.08,0.3212,1574.0,3,0.3038,621,0.9247,0
BRW_1192,38,Female,Single,2,643.15,4.76,0.0954,2547.0,12,0.3194,559,0.8661,0
BRW_1193,27,Female,Single,2,376.69,297.4,0.146,1358.0,3,0.3321,580,0.83,0
BRW_1194,55,Male,Single,2,425.64,129.51,0.2282,1478.0,24,0.3558,482,0.825,0
BRW_1195,63,Female,Single,4,1431.48,4142.47,0.233,3329.0,12,0.334,690,0.7474,0
BRW_1196,21,Male,Single,4,676.11,116.46,0.2553,1920.0,6,0.3074,640,0.8401,0
BRW_1197,62,Male,Married,5,699.83,237.6,0.2729,1290.0,12,0.343,663,0.9134,1
BRW_1198,37,Male,Married,4,701.22,0.0,0.1579,1996.0,3,0.3124,703,0.7025,0
BRW_1199,34,Male,Married,0,1335.84,0.0,0.1014,2491.0,12,0.3268,533,0.9716,0
BRW_1200,24,Female,Married,5,394.41,576.67,0.0642,1137.0,24,0.334,571,0.8239,0
